["head":"wrap","lpos","status"]
[99,550195,1]
["io count"]
[1000]
["io":"id","wrap","startLpos","endLpos"]
[1,278,698998,699998]
[2,181,406733,405733]
[3,25,644277,639277]
[4,174,577135,578634]
[5,138,331117,336117]
[6,258,366315,371315]
[7,272,560833,565833]
[8,31,480607,480107]
[9,215,483286,482786]
[10,187,302214,301987]
[11,77,722162,717162]
[12,235,123618,123498]
[13,100,425909,427386]
[14,262,393739,398739]
[15,84,648402,649402]
[16,218,511262,511762]
[17,32,130147,130647]
[18,148,471179,471679]
[19,236,677182,677682]
[20,52,241233,242233]
[21,228,77629,78129]
[22,102,301160,301602]
[23,41,335354,330354]
[24,23,170324,169824]
[25,107,92232,87232]
[26,45,603494,598494]
[27,229,179372,174372]
[28,249,646696,645551]
[29,173,476467,475467]
[30,44,602024,607024]
[31,177,296267,295767]
[32,165,197188,195972]
[33,46,256921,257921]
[34,230,108313,108813]
[35,210,6815,7815]
[36,131,341536,336536]
[37,151,115784,115594]
[38,131,356102,355540]
[39,250,124167,124467]
[40,216,268220,268720]
[41,101,641895,640916]
[42,142,457706,458206]
[43,93,12250,11750]
[44,175,19565,18565]
[45,26,355101,356090]
[46,224,404166,404353]
[47,186,249932,254932]
[48,28,550823,551823]
[49,228,653775,654775]
[50,201,306678,305678]
[51,20,410325,411272]
[52,273,431345,431230]
[53,52,664826,669826]
[54,230,465658,466658]
[55,0,558808,560179]
[56,171,11434,6434]
[57,45,177004,175666]
[58,19,517825,517085]
[59,219,349988,349488]
[60,61,26866,25866]
[61,206,633820,634320]
[62,152,209482,210482]
[63,174,664901,665901]
[64,220,431527,432527]
[65,203,603120,602620]
[66,93,474376,469376]
[67,164,332686,333186]
[68,183,119277,118777]
[69,275,387770,387270]
[70,107,512319,511819]
[71,157,729690,728690]
[72,157,90002,89002]
[73,182,456006,456506]
[74,207,397332,396566]
[75,118,570756,571756]
[76,83,309275,309138]
[77,166,98351,103351]
[78,143,322929,321929]
[79,60,340726,341726]
[80,37,213664,208664]
[81,93,156414,156153]
[82,187,570660,570160]
[83,63,630399,625399]
[84,259,210378,209878]
[85,109,156279,155779]
[86,39,209114,208096]
[87,81,493624,492624]
[88,217,262499,261499]
[89,161,444167,443562]
[90,190,468170,469636]
[91,26,337684,338184]
[92,174,364141,365141]
[93,236,358734,360173]
[94,249,541232,540232]
[95,161,194558,194058]
[96,239,127960,122960]
[97,180,373791,378791]
[98,54,411078,416078]
[99,245,658029,657029]
[100,249,505531,504864]
[101,170,300503,301503]
[102,180,475078,480078]
[103,40,128538,129698]
[104,230,284852,285803]
[105,40,68102,69102]
[106,183,696066,695566]
[107,213,338254,337754]
[108,279,631259,630259]
[109,128,659941,664941]
[110,223,687602,687102]
[111,90,697060,697560]
[112,199,695150,694150]
[113,179,645050,644109]
[114,101,223644,223144]
[115,13,292246,291246]
[116,196,255818,256818]
[117,129,40303,39303]
[118,1,670771,669562]
[119,199,556019,555019]
[120,6,450229,451537]
[121,142,346930,347430]
[122,239,96863,95863]
[123,66,690291,695291]
[124,216,484737,485007]
[125,105,344988,339988]
[126,118,347681,348681]
[127,92,178894,183894]
[128,83,498398,497398]
[129,36,592531,592764]
[130,120,158509,159478]
[131,85,581466,580966]
[132,62,711388,712048]
[133,272,719809,720309]
[134,104,498696,499196]
[135,271,730993,730490]
[136,216,237776,238276]
[137,14,693149,693649]
[138,12,418277,419277]
[139,39,417911,416911]
[140,225,482088,481588]
[141,30,508285,509285]
[142,93,489179,488679]
[143,233,92923,91646]
[144,142,109429,110429]
[145,133,108956,108926]
[146,271,499246,494246]
[147,263,528620,528040]
[148,8,589776,590776]
[149,233,522095,517095]
[150,135,294434,294386]
[151,143,557161,552161]
[152,181,339915,339619]
[153,6,614483,615483]
[154,152,430492,431281]
[155,155,169598,169348]
[156,196,454584,459584]
[157,76,313367,313706]
[158,222,374637,375637]
[159,64,573886,574886]
[160,79,572781,571778]
[161,159,34575,33575]
[162,165,653058,648058]
[163,190,524280,529280]
[164,191,398647,393647]
[165,234,175601,180601]
[166,36,205391,205896]
[167,6,244330,245472]
[168,145,285877,285377]
[169,131,530981,530481]
[170,194,365032,366131]
[171,137,58427,57427]
[172,259,314037,313037]
[173,221,365284,364784]
[174,155,699250,698250]
[175,134,24312,24812]
[176,213,572091,571460]
[177,5,477444,476273]
[178,167,354032,353532]
[179,52,602172,602672]
[180,247,154394,153394]
[181,48,529397,529897]
[182,191,526963,521963]
[183,245,531629,530629]
[184,253,162099,160627]
[185,143,84204,83704]
[186,130,499272,500272]
[187,261,22747,17747]
[188,21,553003,548003]
[189,73,424181,419181]
[190,192,18305,18716]
[191,101,297680,297180]
[192,14,577574,582574]
[193,131,368537,367291]
[194,159,34765,29765]
[195,131,87973,87473]
[196,17,436441,431441]
[197,218,262603,264082]
[198,100,526832,527832]
[199,158,86268,91268]
[200,174,125373,125925]
[201,182,358543,359043]
[202,172,119305,120252]
[203,167,495852,494852]
[204,69,309046,304046]
[205,254,612511,613511]
[206,12,207730,208461]
[207,91,533877,532837]
[208,241,161454,161289]
[209,149,205572,204572]
[210,51,9846,8846]
[211,95,129151,128151]
[212,254,168844,169725]
[213,50,133521,138521]
[214,176,15039,15327]
[215,231,719674,719450]
[216,245,508563,508034]
[217,197,720862,715862]
[218,66,189440,189940]
[219,269,199286,198286]
[220,84,503161,508161]
[221,211,677006,672006]
[222,94,67954,68754]
[223,276,138780,139280]
[224,184,714997,719997]
[225,187,357402,356902]
[226,113,157479,157069]
[227,123,369087,368087]
[228,111,240145,235145]
[229,64,506997,508046]
[230,165,382383,381076]
[231,220,109975,111288]
[232,103,543937,542937]
[233,159,528437,526941]
[234,37,398135,398083]
[235,78,40608,41608]
[236,40,213143,213643]
[237,221,368931,368431]
[238,208,286742,291742]
[239,94,667818,668818]
[240,53,591113,590113]
[241,44,698964,699464]
[242,104,561433,561933]
[243,55,524424,519424]
[244,244,363238,368238]
[245,126,156532,157032]
[246,131,494799,494638]
[247,84,365412,365912]
[248,164,652155,657155]
[249,258,34709,35973]
[250,30,369602,370102]
[251,114,582271,582771]
[252,87,398017,397601]
[253,11,39253,38753]
[254,261,530715,525715]
[255,161,356992,355992]
[256,112,37686,38686]
[257,201,454908,453908]
[258,190,243680,244180]
[259,101,357241,356741]
[260,132,726344,726844]
[261,246,577621,578621]
[262,54,244228,244728]
[263,242,316091,316591]
[264,22,307909,308909]
[265,184,637834,642834]
[266,81,415471,410471]
[267,62,725244,730244]
[268,208,406908,407408]
[269,204,123281,124281]
[270,256,86931,88139]
[271,134,484514,485514]
[272,60,728742,730993]
[273,174,490564,495564]
[274,68,67479,67551]
[275,145,372629,367629]
[276,96,333383,333883]
[277,248,198775,199275]
[278,182,484571,485071]
[279,218,396115,396615]
[280,105,304008,303008]
[281,111,61529,56529]
[282,171,231501,231001]
[283,217,726565,721565]
[284,5,239774,234774]
[285,130,562542,563526]
[286,18,500397,500897]
[287,267,700172,699172]
[288,169,630474,629474]
[289,107,299595,294595]
[290,85,44469,43333]
[291,152,323819,324319]
[292,88,125518,126518]
[293,93,594620,593880]
[294,238,28691,29191]
[295,158,89981,94981]
[296,141,102919,101919]
[297,221,299021,298428]
[298,72,91790,92290]
[299,146,334043,334543]
[300,189,352700,352200]
[301,278,283222,283722]
[302,116,146045,151045]
[303,269,569606,569106]
[304,227,598297,597797]
[305,257,138508,133508]
[306,118,412152,412652]
[307,212,710580,711525]
[308,202,39263,39763]
[309,220,373307,373807]
[310,129,171737,171237]
[311,0,454459,455459]
[312,268,46234,47443]
[313,163,106575,105575]
[314,232,271519,276519]
[315,111,464191,463191]
[316,275,698603,697603]
[317,277,645576,645076]
[318,200,684340,684840]
[319,140,503377,503877]
[320,142,674614,675614]
[321,14,398079,403079]
[322,154,444313,445313]
[323,4,505384,505884]
[324,233,434580,433259]
[325,46,1836,2336]
[326,193,146170,145170]
[327,190,59252,64252]
[328,262,189322,194322]
[329,275,693018,692699]
[330,27,694972,694056]
[331,194,642879,643379]
[332,39,39755,34755]
[333,263,440426,439426]
[334,162,373620,373952]
[335,186,284,784]
[336,8,666491,667909]
[337,125,438051,437551]
[338,272,575981,576654]
[339,198,635539,636039]
[340,175,546303,541303]
[341,251,339939,339612]
[342,119,244161,243850]
[343,60,154282,154782]
[344,246,154567,155067]
[345,254,266788,267562]
[346,107,13133,12133]
[347,252,588114,588614]
[348,277,515650,515150]
[349,198,368045,369045]
[350,40,36842,41842]
[351,263,582196,581196]
[352,237,596068,594831]
[353,73,402565,402065]
[354,40,459411,464411]
[355,22,588263,589205]
[356,90,581180,586180]
[357,160,216182,216862]
[358,136,28513,29013]
[359,46,504565,509565]
[360,220,230771,235771]
[361,233,378550,377550]
[362,272,587530,588455]
[363,72,326485,327187]
[364,190,555808,556808]
[365,64,601934,602934]
[366,190,681904,686904]
[367,185,551030,546030]
[368,99,224432,223932]
[369,204,669671,670171]
[370,13,239617,234617]
[371,60,571119,576119]
[372,276,548194,553194]
[373,220,143685,144685]
[374,274,532099,533535]
[375,139,4017,3017]
[376,201,685700,684921]
[377,171,365946,360946]
[378,236,132244,137244]
[379,107,691261,690761]
[380,252,199197,199697]
[381,147,477011,476511]
[382,145,262459,261959]
[383,159,574222,569222]
[384,234,701299,706299]
[385,246,150046,150546]
[386,167,104709,103973]
[387,123,479509,479009]
[388,79,58402,56984]
[389,243,526197,521197]
[390,220,654553,659553]
[391,271,126526,125867]
[392,163,573181,571954]
[393,181,385907,385407]
[394,147,535953,535453]
[395,34,85157,85508]
[396,232,546235,547235]
[397,183,603719,603219]
[398,241,66981,65700]
[399,264,646990,647990]
[400,127,42863,41863]
[401,56,336892,337852]
[402,214,702302,703302]
[403,154,529775,534775]
[404,262,316362,317053]
[405,39,316469,311469]
[406,188,464746,464817]
[407,111,397821,397321]
[408,255,302729,301423]
[409,199,469028,468028]
[410,255,74927,73927]
[411,147,646189,645189]
[412,0,188515,189515]
[413,163,412625,411997]
[414,68,41400,46400]
[415,31,534120,533620]
[416,226,320357,320857]
[417,34,99532,100729]
[418,103,625089,624589]
[419,259,588919,588419]
[420,4,584940,585143]
[421,83,422752,422252]
[422,252,251497,252004]
[423,257,93082,92082]
[424,123,346965,346465]
[425,12,201475,201587]
[426,171,642210,642171]
[427,54,175702,176702]
[428,186,33127,34127]
[429,190,63797,64797]
[430,154,62297,63297]
[431,254,4131,4631]
[432,170,205663,206663]
[433,26,625318,626318]
[434,65,117606,116606]
[435,50,659246,660246]
[436,94,16153,16653]
[437,243,458028,453028]
[438,32,421640,426640]
[439,278,172640,173925]
[440,14,627734,628234]
[441,269,78096,77596]
[442,31,460983,459983]
[443,57,359307,354307]
[444,274,470914,471898]
[445,242,262592,267592]
[446,207,556402,555402]
[447,227,297921,292921]
[448,25,64067,63567]
[449,14,74734,75282]
[450,217,217479,216479]
[451,103,319165,318665]
[452,78,283276,284276]
[453,159,155598,154901]
[454,158,308616,309616]
[455,243,631808,630808]
[456,235,668414,667914]
[457,10,485432,490432]
[458,167,146080,145580]
[459,156,41629,42129]
[460,93,263108,258108]
[461,68,22503,27503]
[462,146,305779,306279]
[463,177,462045,460680]
[464,121,730263,725263]
[465,236,70808,72079]
[466,134,679132,684132]
[467,60,174522,175522]
[468,142,24000,25000]
[469,107,583784,578784]
[470,15,266610,261610]
[471,210,48967,49467]
[472,49,314853,309853]
[473,12,172230,173175]
[474,106,488423,489423]
[475,64,14079,14579]
[476,70,138941,143941]
[477,130,313463,313963]
[478,144,514187,515187]
[479,251,362477,361977]
[480,266,69318,74318]
[481,196,118285,119412]
[482,102,123471,124471]
[483,20,86104,91104]
[484,126,20257,21679]
[485,70,95188,95688]
[486,119,340164,335164]
[487,74,338790,343790]
[488,71,453712,452712]
[489,171,642223,641602]
[490,46,340917,345917]
[491,9,680939,680439]
[492,62,152774,153274]
[493,82,533113,533369]
[494,268,421973,426973]
[495,132,715272,720272]
[496,247,261180,260680]
[497,165,605157,604657]
[498,5,388237,387214]
[499,108,439628,440128]
[500,131,127504,126504]
[501,144,418242,418742]
[502,159,30084,25084]
[503,180,197973,202973]
[504,168,65677,66677]
[505,173,50055,49955]
[506,71,320251,319251]
[507,230,381653,381914]
[508,2,427978,429312]
[509,128,295084,295584]
[510,82,730633,730993]
[511,98,587962,588962]
[512,68,600858,601358]
[513,183,117270,116270]
[514,256,313829,314329]
[515,127,67211,66711]
[516,22,444701,449701]
[517,166,615246,616246]
[518,168,488954,489454]
[519,225,406806,406663]
[520,47,377090,372090]
[521,145,407215,405782]
[522,166,473507,474007]
[523,216,404681,405181]
[524,160,8263,9236]
[525,181,7488,6988]
[526,204,67648,68148]
[527,177,273458,272458]
[528,82,129231,134231]
[529,49,496465,495465]
[530,247,155689,150689]
[531,123,28457,27706]
[532,123,610624,609624]
[533,128,91764,92764]
[534,110,596470,597470]
[535,11,50188,49188]
[536,87,121836,116836]
[537,265,567247,566018]
[538,156,451463,451963]
[539,11,248476,247254]
[540,124,623900,624400]
[541,55,23812,22815]
[542,232,181592,182092]
[543,82,718204,718704]
[544,47,628027,623027]
[545,260,171303,171803]
[546,198,185686,190686]
[547,257,17549,12549]
[548,122,578613,579613]
[549,248,239710,240710]
[550,92,309340,310340]
[551,148,332155,333155]
[552,147,500249,499249]
[553,55,55238,54381]
[554,122,314438,315438]
[555,103,663465,662465]
[556,173,294381,293881]
[557,23,311430,306430]
[558,145,331273,330773]
[559,114,570483,571483]
[560,206,148829,150275]
[561,248,492194,497194]
[562,90,19671,20671]
[563,165,619800,618800]
[564,8,202244,207244]
[565,263,310940,310440]
[566,156,50051,50551]
[567,179,538206,533206]
[568,197,137985,132985]
[569,31,703969,703469]
[570,109,299514,298028]
[571,25,56191,51191]
[572,267,248398,247586]
[573,192,412300,412800]
[574,220,423563,423719]
[575,27,686706,686206]
[576,267,412579,407579]
[577,141,346892,345892]
[578,116,5451,10451]
[579,76,37303,37856]
[580,233,555204,550204]
[581,127,651641,646641]
[582,194,114883,119883]
[583,143,167830,162830]
[584,230,448837,449837]
[585,129,405049,404049]
[586,116,257359,258568]
[587,71,360770,359770]
[588,267,211479,210479]
[589,12,359216,359716]
[590,245,183426,178426]
[591,244,270797,271297]
[592,158,385680,390680]
[593,173,549510,548510]
[594,123,271354,266354]
[595,252,116133,116333]
[596,266,209854,214854]
[597,58,15354,16409]
[598,277,603083,602083]
[599,207,29547,24547]
[600,277,515286,510286]
[601,218,113902,114402]
[602,55,437777,432777]
[603,75,520282,519282]
[604,39,271402,266402]
[605,247,553989,548989]
[606,233,205073,204573]
[607,163,220427,219927]
[608,208,622485,623485]
[609,9,658264,653264]
[610,55,136476,131476]
[611,65,57706,57208]
[612,265,57278,56778]
[613,213,22790,21790]
[614,252,464916,466297]
[615,277,32480,31480]
[616,268,598924,599424]
[617,185,258370,257370]
[618,100,517899,522899]
[619,223,253706,248706]
[620,215,491175,489798]
[621,239,495948,495215]
[622,205,268087,266668]
[623,212,456461,461461]
[624,176,8378,8878]
[625,93,672719,672586]
[626,34,302957,307957]
[627,134,266587,267587]
[628,229,515779,515293]
[629,207,519206,514206]
[630,167,279428,278428]
[631,252,81809,82809]
[632,44,68134,69134]
[633,163,38587,37587]
[634,152,38519,43519]
[635,0,84106,84606]
[636,34,563788,568788]
[637,41,100451,99381]
[638,252,129728,129809]
[639,129,637677,632677]
[640,69,360840,360386]
[641,227,675169,674157]
[642,142,1354,6354]
[643,166,39873,40373]
[644,167,301204,300704]
[645,73,310996,310222]
[646,153,328638,327638]
[647,277,634591,634091]
[648,48,547032,548032]
[649,11,361029,360855]
[650,109,377240,376240]
[651,132,21250,21432]
[652,24,604368,604868]
[653,233,152009,151509]
[654,41,348692,348192]
[655,192,225245,226245]
[656,223,600832,595832]
[657,176,1792,6792]
[658,258,40429,41429]
[659,153,440514,439452]
[660,88,348094,348714]
[661,152,53247,53745]
[662,129,122987,122414]
[663,61,494671,493671]
[664,254,164646,169646]
[665,197,29984,29484]
[666,245,32719,31276]
[667,241,643664,643164]
[668,63,309770,304770]
[669,23,99594,98594]
[670,194,42466,42757]
[671,30,567530,568530]
[672,153,140084,135084]
[673,63,551447,550947]
[674,177,587012,586012]
[675,170,332738,337738]
[676,92,595635,596635]
[677,206,507806,508806]
[678,269,258806,258306]
[679,165,534624,533624]
[680,79,576591,576091]
[681,60,612527,613527]
[682,213,241610,240173]
[683,154,211394,211894]
[684,51,67412,66412]
[685,93,399651,399151]
[686,58,440516,441516]
[687,264,394052,394627]
[688,124,133193,138193]
[689,259,477936,476936]
[690,166,720033,721033]
[691,103,73672,68672]
[692,194,460113,465113]
[693,220,671507,676507]
[694,144,6926,6983]
[695,219,535934,534581]
[696,269,447889,442889]
[697,232,305085,310085]
[698,47,384361,383361]
[699,211,70655,70161]
[700,142,411797,416797]
[701,249,456658,456043]
[702,194,214263,215263]
[703,58,397913,398413]
[704,167,426944,426444]
[705,55,165497,164497]
[706,78,296603,297603]
[707,227,527298,526798]
[708,259,482307,480987]
[709,3,496452,491452]
[710,62,481812,482939]
[711,78,591130,592130]
[712,61,212035,211907]
[713,252,599331,604331]
[714,184,698796,699631]
[715,228,592473,597473]
[716,48,388277,393277]
[717,27,139270,138270]
[718,279,673711,672711]
[719,113,157461,156961]
[720,221,102255,97255]
[721,143,345735,345058]
[722,18,245197,245538]
[723,41,415205,413889]
[724,244,637047,637661]
[725,107,14976,14476]
[726,134,329471,330471]
[727,133,272527,271188]
[728,150,282951,283451]
[729,163,409022,407665]
[730,244,606524,606555]
[731,245,59638,59138]
[732,232,9305,9805]
[733,68,646353,646853]
[734,162,70468,70968]
[735,202,596895,597895]
[736,40,602618,607618]
[737,3,62231,61731]
[738,174,539099,540110]
[739,265,251487,250878]
[740,236,92950,93950]
[741,84,377386,378386]
[742,44,603266,608266]
[743,63,632570,632070]
[744,189,676753,675351]
[745,228,367077,368077]
[746,242,399696,404696]
[747,278,160996,161496]
[748,69,507685,506685]
[749,138,515044,515544]
[750,94,607994,608994]
[751,178,431110,431152]
[752,132,247995,248995]
[753,87,524751,524001]
[754,276,494983,499983]
[755,175,414610,413610]
[756,229,16770,16423]
[757,157,62459,61959]
[758,234,240305,245305]
[759,202,368757,373757]
[760,156,506453,506953]
[761,71,109430,108430]
[762,16,375309,375809]
[763,25,274020,269020]
[764,174,33010,33510]
[765,69,624344,623344]
[766,171,640767,639767]
[767,220,621378,626378]
[768,161,70232,69232]
[769,179,204449,199449]
[770,126,584961,585961]
[771,138,300398,301621]
[772,156,591249,591320]
[773,17,287826,287219]
[774,102,606117,606617]
[775,207,717080,716212]
[776,0,30518,35518]
[777,161,100191,99750]
[778,207,82949,82877]
[779,63,22191,21691]
[780,6,330545,331045]
[781,17,193676,188676]
[782,187,653620,652620]
[783,64,726312,730993]
[784,140,350639,355639]
[785,48,190266,190556]
[786,54,98560,103560]
[787,122,205791,210791]
[788,279,200264,195264]
[789,62,216956,218187]
[790,107,270327,265327]
[791,159,626445,625445]
[792,81,145727,140727]
[793,257,267125,262125]
[794,81,373742,368742]
[795,113,504349,499349]
[796,167,598909,597909]
[797,9,249680,249431]
[798,221,174624,174339]
[799,224,575840,580840]
[800,128,495549,500549]
[801,73,634498,634390]
[802,270,83261,88261]
[803,85,336930,331930]
[804,251,40871,39871]
[805,106,609232,609732]
[806,271,329854,328854]
[807,242,366055,366508]
[808,112,712878,713378]
[809,149,259721,259221]
[810,168,340919,341919]
[811,204,702874,707874]
[812,195,55641,55141]
[813,152,563795,568795]
[814,123,50157,49396]
[815,151,616191,615691]
[816,159,604769,599769]
[817,48,650996,655996]
[818,32,632880,637880]
[819,53,342831,337831]
[820,221,678926,678750]
[821,49,718789,717789]
[822,244,724009,725009]
[823,6,275335,275835]
[824,158,248662,253662]
[825,181,315084,310084]
[826,60,178859,179859]
[827,260,275585,276900]
[828,173,467851,462851]
[829,141,299299,298799]
[830,191,392554,387554]
[831,240,374350,374445]
[832,205,256847,255494]
[833,276,504007,504227]
[834,15,270631,269631]
[835,227,630214,625214]
[836,80,169805,170805]
[837,245,529001,524001]
[838,183,486034,485034]
[839,63,16396,16277]
[840,234,358869,359369]
[841,31,349189,348689]
[842,114,613844,614844]
[843,99,574865,573391]
[844,251,409820,404820]
[845,275,464556,459556]
[846,171,404043,403411]
[847,109,471980,466980]
[848,210,148068,149298]
[849,59,468703,467703]
[850,260,621686,626686]
[851,96,338258,338758]
[852,209,563838,558838]
[853,245,313944,312944]
[854,69,349074,348574]
[855,212,574280,575231]
[856,195,309613,308613]
[857,230,561887,563167]
[858,45,226711,225223]
[859,55,128066,127205]
[860,208,596277,601277]
[861,9,601345,600845]
[862,254,359520,360520]
[863,44,708094,709094]
[864,128,551381,552381]
[865,151,60286,59786]
[866,4,589442,594442]
[867,220,158626,159323]
[868,156,610257,610757]
[869,267,142282,137282]
[870,195,3066,2566]
[871,77,603911,603411]
[872,51,232937,231937]
[873,247,214038,209038]
[874,95,206718,206149]
[875,149,313208,312142]
[876,26,386573,391573]
[877,93,482961,477961]
[878,218,259779,264779]
[879,167,101195,100195]
[880,249,608673,603673]
[881,186,24093,29093]
[882,72,559058,560058]
[883,260,379905,380905]
[884,127,380954,380454]
[885,276,138326,139610]
[886,80,253215,254215]
[887,173,177538,176906]
[888,153,209452,208453]
[889,107,29226,28726]
[890,33,393394,392894]
[891,139,435230,434730]
[892,85,131770,131334]
[893,101,271986,266986]
[894,250,405312,406312]
[895,244,66451,66951]
[896,133,578274,577774]
[897,225,538282,533282]
[898,226,70257,71612]
[899,57,694705,694439]
[900,279,604312,599312]
[901,120,148099,149099]
[902,123,399785,394785]
[903,153,719197,718697]
[904,238,178257,179257]
[905,275,72755,67755]
[906,205,135640,134160]
[907,180,152986,153986]
[908,279,507261,507185]
[909,198,614275,619275]
[910,169,260619,255619]
[911,96,28298,29298]
[912,150,11789,12274]
[913,121,296525,291525]
[914,234,418888,419388]
[915,73,398031,393031]
[916,8,346187,351187]
[917,170,192877,193877]
[918,130,491998,493336]
[919,45,680053,679053]
[920,66,556091,561091]
[921,165,199789,199289]
[922,162,606626,607626]
[923,3,167657,167157]
[924,110,31775,32275]
[925,55,429806,424806]
[926,63,40500,40000]
[927,106,409601,410601]
[928,236,347329,347829]
[929,156,168338,173338]
[930,118,421690,422690]
[931,24,703341,708341]
[932,104,619235,624235]
[933,9,3292,2191]
[934,265,351428,350428]
[935,192,44241,44316]
[936,203,195423,194423]
[937,198,193744,194744]
[938,15,702985,697985]
[939,157,42245,41745]
[940,237,673090,672590]
[941,75,41237,40737]
[942,226,15509,16509]
[943,101,511003,510887]
[944,233,534856,529856]
[945,20,143482,148482]
[946,95,515652,514629]
[947,156,224527,225027]
[948,197,524313,523313]
[949,148,96511,97175]
[950,135,579325,578170]
[951,212,514131,514631]
[952,34,294024,294186]
[953,111,571932,570988]
[954,68,286745,287634]
[955,92,630345,631530]
[956,165,396258,395758]
[957,247,5776,4328]
[958,153,27322,26822]
[959,100,552635,553135]
[960,13,345384,340384]
[961,171,381560,381515]
[962,177,343519,342614]
[963,259,325334,324334]
[964,223,400909,400409]
[965,201,561117,560117]
[966,1,151156,150156]
[967,265,582628,577628]
[968,103,299255,298006]
[969,242,620884,621419]
[970,60,395244,395744]
[971,87,67484,62484]
[972,246,620917,621917]
[973,96,568916,569416]
[974,212,60585,61585]
[975,85,124983,124736]
[976,183,555292,554616]
[977,19,537629,536629]
[978,200,207891,208891]
[979,27,352894,351894]
[980,80,655246,655746]
[981,30,570218,575218]
[982,97,560471,560279]
[983,76,138303,138758]
[984,124,464289,464789]
[985,73,658004,657504]
[986,20,296970,297470]
[987,133,721567,721067]
[988,56,480785,481285]
[989,229,84446,83946]
[990,193,443623,438623]
[991,220,127817,128368]
[992,28,72635,73082]
[993,112,290083,291234]
[994,201,40434,35434]
[995,54,138464,138964]
[996,78,223853,224353]
[997,22,693858,694858]
[998,146,53769,53869]
[999,232,53030,53530]
[1000,44,180848,181348]
