["head":"wrap","lpos","status"]
[130,295581,1]
["io count"]
[1000]
["io":"id","wrap","startLpos","endLpos"]
[1,1,138465,137465]
[2,199,278653,277172]
[3,102,498944,503944]
[4,207,130881,130381]
[5,121,362252,362009]
[6,120,208855,213855]
[7,161,340300,339800]
[8,69,289344,288844]
[9,277,355182,354478]
[10,10,660258,660758]
[11,159,79905,74905]
[12,82,464882,465382]
[13,67,171426,170926]
[14,218,570529,571529]
[15,131,109414,108414]
[16,124,493993,494658]
[17,257,550643,550279]
[18,216,374450,379450]
[19,19,549220,548720]
[20,255,306568,306186]
[21,4,295590,296090]
[22,169,642203,641203]
[23,261,13657,8657]
[24,218,469114,474114]
[25,167,240698,235698]
[26,99,438350,437596]
[27,67,73375,68375]
[28,163,437952,436952]
[29,93,561824,561324]
[30,36,455976,460976]
[31,192,20572,21383]
[32,109,332676,327676]
[33,72,608562,609562]
[34,38,443592,444092]
[35,1,42053,41622]
[36,54,137792,138292]
[37,137,368437,367944]
[38,70,592752,597752]
[39,258,8214,8714]
[40,169,672719,672219]
[41,20,118664,119664]
[42,52,486385,487385]
[43,154,655174,655610]
[44,242,144220,145220]
[45,126,294251,295645]
[46,45,60722,60222]
[47,116,460628,465628]
[48,25,692364,691364]
[49,249,652082,647082]
[50,106,69102,74102]
[51,197,157897,152897]
[52,222,352854,353354]
[53,272,407093,412093]
[54,234,728038,729420]
[55,61,181886,181386]
[56,259,419333,418333]
[57,247,149179,147967]
[58,153,206500,201500]
[59,207,424462,423962]
[60,9,688828,687828]
[61,252,413056,413394]
[62,198,502471,503442]
[63,202,248323,248823]
[64,154,716343,717238]
[65,64,446122,446622]
[66,31,595053,594089]
[67,22,83434,88434]
[68,101,512396,507396]
[69,262,640955,641455]
[70,234,323017,323449]
[71,112,327621,328621]
[72,225,506383,505383]
[73,193,46777,41777]
[74,12,43202,48202]
[75,246,144466,145466]
[76,115,27400,26400]
[77,137,109974,109834]
[78,220,580534,581034]
[79,271,539228,534228]
[80,185,183153,182653]
[81,17,691998,686998]
[82,114,461387,461654]
[83,93,318955,318455]
[84,15,578231,573231]
[85,98,433396,438396]
[86,192,572932,572970]
[87,93,175846,170846]
[88,95,58276,53276]
[89,57,47338,46595]
[90,189,276159,275048]
[91,210,416389,421389]
[92,237,188739,188560]
[93,105,366078,365578]
[94,203,72981,67981]
[95,267,87643,86643]
[96,205,628946,627758]
[97,50,677128,682128]
[98,259,724723,723723]
[99,214,718710,719710]
[100,74,137450,137609]
[101,182,13274,14274]
[102,170,504182,509182]
[103,268,496814,501814]
[104,87,66946,65946]
[105,76,518951,519012]
[106,93,559525,558525]
[107,55,470361,469861]
[108,14,407448,407932]
[109,39,176541,171541]
[110,146,645692,646692]
[111,82,23139,24399]
[112,135,727127,722127]
[113,173,564377,559377]
[114,71,660493,659993]
[115,174,657374,658374]
[116,257,565129,564629]
[117,62,398924,403924]
[118,76,512703,513203]
[119,267,684757,684244]
[120,212,57224,57837]
[121,223,672568,672068]
[122,126,363740,368740]
[123,117,299083,298083]
[124,57,198552,197107]
[125,74,232940,233216]
[126,162,162447,162947]
[127,238,675150,675650]
[128,225,74880,74130]
[129,46,633193,634193]
[130,279,359012,358012]
[131,87,74465,73965]
[132,221,703742,702742]
[133,146,529525,534525]
[134,117,283189,282689]
[135,217,51212,46212]
[136,99,390383,385383]
[137,209,334539,329539]
[138,26,580393,585393]
[139,256,144925,145925]
[140,166,130716,131216]
[141,75,674279,673279]
[142,163,298039,297369]
[143,53,311299,306299]
[144,43,39718,34718]
[145,132,80930,81430]
[146,232,466313,471313]
[147,33,242582,241582]
[148,60,267705,268191]
[149,192,503866,508866]
[150,46,58202,63202]
[151,139,418497,417497]
[152,46,194271,199271]
[153,100,500570,501070]
[154,15,712259,712012]
[155,186,46279,47270]
[156,178,346449,347028]
[157,65,110732,105732]
[158,253,700086,695086]
[159,48,129892,131182]
[160,221,485546,484758]
[161,37,409421,408921]
[162,253,320929,319820]
[163,145,352960,351960]
[164,216,272290,272790]
[165,114,618739,619864]
[166,164,208499,209168]
[167,107,693848,692848]
[168,37,30594,29115]
[169,73,362760,362199]
[170,264,646201,646701]
[171,226,379962,380462]
[172,243,1928,928]
[173,180,273218,278218]
[174,166,160963,161963]
[175,224,688143,689143]
[176,35,419723,419223]
[177,145,663752,658752]
[178,278,687478,688478]
[179,72,318683,319183]
[180,55,536904,535533]
[181,146,219137,219976]
[182,121,320391,319391]
[183,112,174663,175163]
[184,73,309926,309426]
[185,199,477449,475965]
[186,78,297289,302289]
[187,224,217615,222615]
[188,197,652815,651815]
[189,161,263660,262660]
[190,204,583198,584077]
[191,145,698564,693564]
[192,66,508028,513028]
[193,177,430318,429818]
[194,42,352268,353651]
[195,185,570955,569955]
[196,230,42247,43247]
[197,146,202018,207018]
[198,133,303481,302925]
[199,92,481695,486695]
[200,147,284210,283214]
[201,119,554276,549276]
[202,117,693077,692577]
[203,37,419311,414311]
[204,180,57741,59186]
[205,274,573620,574620]
[206,204,184060,185062]
[207,129,433184,428184]
[208,25,637557,636557]
[209,127,365592,360592]
[210,95,48198,47198]
[211,1,423556,418556]
[212,84,488738,489238]
[213,210,356918,357418]
[214,91,434174,429174]
[215,237,449275,448524]
[216,100,681258,681758]
[217,101,560172,555172]
[218,127,637883,637459]
[219,186,385311,386311]
[220,48,704494,709494]
[221,189,181500,180535]
[222,273,127115,126615]
[223,205,71344,66344]
[224,235,503241,498241]
[225,94,542095,547095]
[226,152,245471,246036]
[227,209,322134,321634]
[228,28,394497,399497]
[229,142,355992,356294]
[230,169,300382,299382]
[231,68,412393,417393]
[232,49,151829,151329]
[233,273,673149,672887]
[234,213,164416,163416]
[235,119,350342,349842]
[236,127,361447,360447]
[237,261,282518,277518]
[238,114,638370,638870]
[239,189,28715,28215]
[240,78,327597,332597]
[241,18,185721,186221]
[242,219,514274,513774]
[243,212,455668,456168]
[244,234,636649,641649]
[245,192,580763,581263]
[246,168,459190,459690]
[247,226,104981,105481]
[248,160,145270,150270]
[249,108,541551,542051]
[250,60,407965,408965]
[251,106,543409,543909]
[252,111,521228,520228]
[253,23,582490,581490]
[254,55,145994,140994]
[255,45,271604,271008]
[256,187,187445,182445]
[257,133,292427,287427]
[258,165,609921,609421]
[259,273,597202,596702]
[260,205,455397,450397]
[261,32,439536,444536]
[262,15,229188,228770]
[263,210,59040,64040]
[264,164,663521,663722]
[265,98,84753,89753]
[266,258,179929,180560]
[267,177,325484,324984]
[268,154,196071,201071]
[269,158,643492,644592]
[270,82,4631,4758]
[271,171,61876,61376]
[272,101,125417,120417]
[273,265,230668,229668]
[274,168,62174,63430]
[275,222,494962,495962]
[276,65,252362,251362]
[277,257,439890,434890]
[278,143,85886,84886]
[279,66,30277,31722]
[280,108,118883,123883]
[281,158,2109,3492]
[282,239,228457,227339]
[283,45,97148,96534]
[284,30,617322,618322]
[285,96,137690,138015]
[286,76,368575,369575]
[287,232,439578,440869]
[288,190,518433,519433]
[289,15,125597,125097]
[290,0,574601,575601]
[291,111,71946,70946]
[292,79,544291,543291]
[293,239,45162,44939]
[294,61,55359,54861]
[295,249,339207,338207]
[296,58,264679,265179]
[297,237,579877,574877]
[298,12,154524,155524]
[299,266,149440,150440]
[300,3,680542,680042]
[301,177,515485,514009]
[302,222,133294,133794]
[303,277,493225,492225]
[304,21,258852,257852]
[305,270,596059,601059]
[306,200,129745,134745]
[307,29,150852,150352]
[308,42,304876,305876]
[309,180,631041,636041]
[310,183,30819,25819]
[311,80,716552,721552]
[312,196,606792,607292]
[313,148,577095,577595]
[314,161,52990,47990]
[315,82,237384,237884]
[316,193,352286,351286]
[317,115,603914,603050]
[318,250,374911,375911]
[319,150,274958,275458]
[320,53,482501,477501]
[321,5,463559,463059]
[322,201,339857,338857]
[323,222,361683,362683]
[324,103,410729,409673]
[325,86,357999,358853]
[326,0,463210,463710]
[327,155,265044,260044]
[328,203,677410,676910]
[329,181,104792,103792]
[330,71,49120,44120]
[331,220,512035,512535]
[332,164,355566,360566]
[333,179,244663,243663]
[334,30,434178,435374]
[335,236,674796,675796]
[336,108,407013,408013]
[337,264,667057,667557]
[338,187,59203,58703]
[339,240,162495,167495]
[340,31,383840,383340]
[341,124,164381,164881]
[342,8,519947,524947]
[343,59,209840,209340]
[344,241,643626,643518]
[345,46,479040,480065]
[346,231,394810,393454]
[347,136,38666,43666]
[348,241,76760,75760]
[349,23,303189,302680]
[350,186,659220,659720]
[351,66,448173,453173]
[352,277,662513,657513]
[353,238,15768,20768]
[354,188,166200,166700]
[355,111,101319,101229]
[356,186,131063,131563]
[357,104,634337,635337]
[358,135,15343,14843]
[359,197,510182,509682]
[360,255,438409,437909]
[361,41,160088,155088]
[362,190,258332,259332]
[363,148,274100,274327]
[364,140,659551,660051]
[365,36,522768,523268]
[366,222,99561,100561]
[367,199,7905,2905]
[368,54,17748,18391]
[369,72,624855,629855]
[370,193,87129,86899]
[371,45,147375,142375]
[372,206,203273,208273]
[373,69,257974,252974]
[374,204,639369,644369]
[375,154,293923,294923]
[376,114,374354,374854]
[377,85,702221,697221]
[378,141,425358,424358]
[379,213,495730,494943]
[380,216,221402,221565]
[381,247,424295,423795]
[382,188,590569,591569]
[383,59,94103,89103]
[384,122,305892,306392]
[385,273,330065,325065]
[386,186,353861,354690]
[387,171,108608,107374]
[388,122,65126,66595]
[389,180,697097,697597]
[390,185,507604,506604]
[391,269,696608,696108]
[392,15,231869,230869]
[393,117,582723,581723]
[394,93,677231,672231]
[395,184,406099,407130]
[396,22,326290,326790]
[397,17,37404,32404]
[398,261,508792,508099]
[399,94,38399,43399]
[400,202,595448,595948]
[401,243,459154,457802]
[402,225,619506,619006]
[403,3,371432,369973]
[404,233,66494,65494]
[405,57,525585,525136]
[406,123,150254,150190]
[407,127,533942,532942]
[408,222,17071,18097]
[409,257,706434,705465]
[410,170,709568,714568]
[411,254,251002,252002]
[412,24,641391,642530]
[413,69,66910,61910]
[414,175,180163,179695]
[415,153,469892,464892]
[416,153,444739,443564]
[417,37,106102,104798]
[418,178,617847,618925]
[419,5,675215,674982]
[420,275,312787,312287]
[421,14,575336,576336]
[422,214,216175,216675]
[423,194,229994,234994]
[424,67,141117,140617]
[425,92,584181,584888]
[426,211,475876,475621]
[427,239,338510,337510]
[428,28,379661,380474]
[429,214,576188,581188]
[430,146,366253,371253]
[431,147,219227,218227]
[432,195,603845,603345]
[433,261,34085,33085]
[434,193,255177,250177]
[435,0,547581,548581]
[436,61,267995,267244]
[437,30,17706,18706]
[438,41,343751,343251]
[439,127,370169,365169]
[440,273,928,428]
[441,140,395380,400380]
[442,55,449455,444455]
[443,188,477540,477671]
[444,222,212325,213325]
[445,75,683577,678577]
[446,251,492671,491450]
[447,50,654806,659806]
[448,189,298802,297802]
[449,74,9732,14732]
[450,25,370933,365933]
[451,255,121591,120591]
[452,118,588143,589143]
[453,115,98770,93770]
[454,57,307039,306095]
[455,202,227685,228839]
[456,93,144108,139108]
[457,93,500252,499470]
[458,107,376694,376194]
[459,13,663114,662383]
[460,74,605474,605974]
[461,192,462623,463623]
[462,179,2471,2123]
[463,269,307274,306774]
[464,191,711421,711183]
[465,76,631563,636563]
[466,170,576763,581763]
[467,24,523296,523796]
[468,96,233405,233661]
[469,100,399291,399791]
[470,156,298739,299239]
[471,117,340765,339765]
[472,236,141545,146545]
[473,182,625932,630932]
[474,166,387393,392393]
[475,242,464687,465187]
[476,4,310456,315456]
[477,180,279483,284483]
[478,277,690612,689612]
[479,25,488757,483757]
[480,97,380459,379959]
[481,65,95527,94527]
[482,75,707465,702465]
[483,201,155690,155190]
[484,263,324098,319098]
[485,101,174458,174074]
[486,271,200141,199641]
[487,171,656828,655848]
[488,21,292798,291798]
[489,106,316725,317464]
[490,91,178726,173726]
[491,176,656005,661005]
[492,270,185831,186331]
[493,207,410042,409542]
[494,249,598810,593810]
[495,228,528594,529594]
[496,169,625460,624460]
[497,206,5359,6359]
[498,227,475167,473882]
[499,155,672046,671546]
[500,118,114278,115582]
[501,142,465529,466029]
[502,135,326418,325367]
[503,233,712970,711970]
[504,27,88114,87114]
[505,93,574618,569618]
[506,202,422706,423706]
[507,199,714537,713537]
[508,134,263058,263558]
[509,256,559768,564768]
[510,71,35885,35385]
[511,85,501914,500914]
[512,220,95287,95787]
[513,51,46320,45320]
[514,241,526088,525088]
[515,186,712677,713871]
[516,9,460887,455887]
[517,80,615154,615971]
[518,90,172480,173123]
[519,34,478592,483592]
[520,251,162409,161125]
[521,183,230534,230034]
[522,235,453079,452079]
[523,68,422897,422971]
[524,16,489230,489927]
[525,82,523173,524173]
[526,28,546620,547120]
[527,271,719600,719100]
[528,114,632077,637077]
[529,72,650664,655664]
[530,27,478424,477424]
[531,148,77202,77702]
[532,83,339194,338694]
[533,12,63749,64507]
[534,29,207710,206710]
[535,111,180613,175613]
[536,12,722233,722546]
[537,136,515873,516873]
[538,127,689469,688469]
[539,89,292197,291197]
[540,115,670601,669601]
[541,101,149417,148917]
[542,21,74696,74196]
[543,256,69307,69807]
[544,6,276017,277017]
[545,269,452863,451630]
[546,165,703676,703176]
[547,173,489055,488055]
[548,172,445531,446312]
[549,118,626246,626746]
[550,55,494865,489865]
[551,125,471712,471403]
[552,9,627700,627200]
[553,265,452368,451262]
[554,87,33593,32593]
[555,113,652686,652186]
[556,141,697856,696856]
[557,159,68184,67684]
[558,110,323054,323806]
[559,74,538384,539328]
[560,247,604234,603734]
[561,106,488951,489451]
[562,26,355832,360832]
[563,61,535610,534610]
[564,82,417971,422971]
[565,269,450739,450239]
[566,221,240796,239569]
[567,263,35753,35545]
[568,91,249874,248874]
[569,134,482254,482754]
[570,134,232218,232309]
[571,10,145373,146373]
[572,156,537277,538277]
[573,110,230779,235779]
[574,48,22198,22698]
[575,128,510473,510660]
[576,181,428104,427604]
[577,96,34089,34695]
[578,170,475609,476609]
[579,30,712961,713140]
[580,250,570102,570577]
[581,94,193364,193864]
[582,76,424143,424450]
[583,126,191141,192141]
[584,89,699586,698586]
[585,270,571920,572920]
[586,87,607009,606009]
[587,45,412421,407421]
[588,138,53530,58530]
[589,194,118513,119013]
[590,4,328870,329370]
[591,250,522234,522734]
[592,47,392264,392108]
[593,122,545596,546596]
[594,211,694912,689912]
[595,74,530839,531339]
[596,33,406854,405854]
[597,78,259006,260163]
[598,248,582741,583070]
[599,110,32911,37911]
[600,94,574851,579851]
[601,50,336394,341394]
[602,174,698244,698744]
[603,8,130800,131300]
[604,77,120944,115944]
[605,94,355670,355744]
[606,213,412283,407283]
[607,5,244070,239070]
[608,262,75141,80141]
[609,92,284776,285276]
[610,58,128634,133634]
[611,109,466028,465028]
[612,155,610003,609003]
[613,163,9809,8809]
[614,112,124753,124919]
[615,150,363054,363319]
[616,212,436633,437133]
[617,258,3532,4780]
[618,122,279689,280189]
[619,86,441564,446564]
[620,156,20211,21211]
[621,49,278304,277804]
[622,167,475675,474675]
[623,32,393020,398020]
[624,24,186130,186630]
[625,150,83137,83637]
[626,234,519771,520271]
[627,213,700648,700027]
[628,3,52357,51357]
[629,89,493421,492921]
[630,117,514132,513132]
[631,167,237666,236666]
[632,54,157071,162071]
[633,238,726815,727315]
[634,262,181952,182952]
[635,5,442813,441813]
[636,239,231590,230590]
[637,172,199623,200623]
[638,133,524084,523584]
[639,51,298531,297531]
[640,135,606573,605573]
[641,212,527012,527967]
[642,146,169530,169816]
[643,248,145813,145883]
[644,192,446174,446463]
[645,75,466288,465438]
[646,65,200260,199260]
[647,192,77540,78040]
[648,127,449453,448741]
[649,118,685073,685573]
[650,221,536856,531856]
[651,271,284326,283917]
[652,91,296510,295510]
[653,3,11690,10690]
[654,65,209275,208761]
[655,25,67946,67446]
[656,279,148052,147552]
[657,47,702914,701914]
[658,103,400750,399860]
[659,237,313315,312338]
[660,71,426786,421786]
[661,183,297747,297247]
[662,124,219185,224185]
[663,221,257882,257382]
[664,132,667916,668916]
[665,133,547216,546716]
[666,45,680280,679780]
[667,85,531849,530591]
[668,42,441095,441877]
[669,276,536224,537224]
[670,99,579053,578553]
[671,36,185397,186397]
[672,105,715650,710650]
[673,111,714173,713670]
[674,145,470928,470006]
[675,217,549179,544179]
[676,23,521500,520500]
[677,73,577166,572166]
[678,80,205176,206322]
[679,94,298170,299102]
[680,6,67501,67725]
[681,173,14819,14366]
[682,205,531533,526533]
[683,97,391432,390932]
[684,34,204118,209118]
[685,209,171570,170348]
[686,125,680002,675002]
[687,25,704415,703415]
[688,271,271091,270591]
[689,54,27225,28225]
[690,209,20779,15779]
[691,247,670923,670359]
[692,130,181516,182516]
[693,66,723102,723602]
[694,116,369775,370775]
[695,183,310564,310064]
[696,180,430796,435796]
[697,77,404168,403217]
[698,150,259732,260548]
[699,77,223870,222870]
[700,272,241874,246874]
[701,131,129054,128554]
[702,209,707036,706366]
[703,22,67683,68683]
[704,151,368164,367164]
[705,3,678666,678166]
[706,90,97326,98417]
[707,17,92830,91830]
[708,164,415318,415880]
[709,127,144255,143755]
[710,114,91378,92378]
[711,230,220518,221183]
[712,244,406807,407807]
[713,181,463866,463252]
[714,36,411412,416412]
[715,126,508738,513738]
[716,79,245199,244699]
[717,89,557341,552341]
[718,48,351859,352859]
[719,279,394425,393252]
[720,149,437236,436236]
[721,136,112179,113179]
[722,169,591800,586800]
[723,201,321046,320046]
[724,237,799,464]
[725,248,596701,597160]
[726,241,417146,412146]
[727,111,580922,579922]
[728,261,161459,160459]
[729,244,9098,14098]
[730,178,254980,259980]
[731,142,111633,112155]
[732,274,48531,53531]
[733,95,603370,602870]
[734,70,546616,547116]
[735,144,541143,542328]
[736,149,329549,328549]
[737,193,152117,147117]
[738,108,535660,540660]
[739,128,378863,379863]
[740,138,528939,529153]
[741,169,664981,664481]
[742,70,640302,641520]
[743,68,556007,561007]
[744,249,373213,372943]
[745,279,258452,253452]
[746,88,501399,502399]
[747,158,178811,179811]
[748,64,42046,42546]
[749,21,165260,160260]
[750,248,566832,566874]
[751,42,491471,496471]
[752,129,347587,342587]
[753,7,10096,9326]
[754,107,314254,314118]
[755,266,199431,200431]
[756,143,633087,632017]
[757,234,84377,85377]
[758,255,245953,244637]
[759,208,628770,633770]
[760,122,389247,389747]
[761,252,177564,182564]
[762,131,191890,186890]
[763,31,409098,404098]
[764,83,497712,497212]
[765,222,184007,184219]
[766,224,319645,324645]
[767,1,434030,433030]
[768,7,197121,196121]
[769,215,95116,93897]
[770,200,61461,62461]
[771,85,430058,429558]
[772,29,80174,79674]
[773,81,44737,43908]
[774,258,550607,550850]
[775,225,673669,673169]
[776,11,253891,252891]
[777,205,254474,253974]
[778,214,688981,693981]
[779,134,207594,212594]
[780,41,611473,610706]
[781,214,140095,140847]
[782,238,491053,492053]
[783,140,334427,334814]
[784,140,72934,77934]
[785,241,677326,676184]
[786,85,515131,510131]
[787,19,645342,644842]
[788,153,122520,121443]
[789,241,585480,580480]
[790,175,171305,166305]
[791,198,248736,249799]
[792,62,59865,64865]
[793,81,271740,271589]
[794,64,696743,696829]
[795,252,693642,694642]
[796,143,608491,607491]
[797,17,175164,174664]
[798,236,352543,354033]
[799,32,410390,410890]
[800,230,659126,659626]
[801,86,345398,346166]
[802,123,363709,363364]
[803,255,105020,100020]
[804,113,676948,676448]
[805,222,35002,36002]
[806,272,245115,246115]
[807,152,336983,341983]
[808,247,678961,678077]
[809,90,490811,495811]
[810,214,656899,657899]
[811,21,40118,39618]
[812,211,173965,173889]
[813,106,231769,232269]
[814,116,398044,403044]
[815,270,617539,622539]
[816,185,282039,280705]
[817,147,214458,209458]
[818,186,52016,52516]
[819,200,553701,558701]
[820,19,292863,292244]
[821,24,271532,272972]
[822,93,484291,483291]
[823,265,148584,148385]
[824,264,113781,118781]
[825,169,395486,394486]
[826,74,136629,137211]
[827,10,49144,49644]
[828,82,48575,53575]
[829,101,518543,517543]
[830,213,87733,86821]
[831,147,644168,643168]
[832,25,13025,8025]
[833,24,529895,534895]
[834,119,271767,271267]
[835,75,63936,58936]
[836,179,237787,232787]
[837,189,463655,458655]
[838,143,507730,507230]
[839,116,470503,471503]
[840,49,557825,557325]
[841,161,242568,241568]
[842,278,662721,667721]
[843,109,580559,580116]
[844,109,353705,353140]
[845,106,176647,177147]
[846,226,480507,481507]
[847,265,616953,616453]
[848,204,91619,92119]
[849,45,610816,605816]
[850,246,60871,61134]
[851,156,541852,542352]
[852,114,499201,504201]
[853,214,103686,104186]
[854,124,610990,611990]
[855,103,234367,233367]
[856,201,164605,159605]
[857,186,45064,50064]
[858,262,136684,141684]
[859,180,188230,188730]
[860,146,249101,249601]
[861,181,589919,584919]
[862,30,295992,296992]
[863,148,88938,89496]
[864,72,264865,265865]
[865,175,679957,674957]
[866,96,103568,104068]
[867,155,153632,148632]
[868,9,463040,462040]
[869,189,651271,650271]
[870,208,345102,346102]
[871,109,199909,199028]
[872,20,343992,344492]
[873,248,174592,175092]
[874,192,616181,621181]
[875,240,560144,560644]
[876,208,663712,664712]
[877,83,258280,258075]
[878,245,139040,134040]
[879,224,242922,247922]
[880,203,700973,700473]
[881,81,32420,32289]
[882,51,685663,684663]
[883,263,198384,197384]
[884,161,272446,271446]
[885,183,144996,139996]
[886,238,359233,360233]
[887,137,330807,325807]
[888,254,459847,460847]
[889,71,149865,148499]
[890,273,488113,486985]
[891,135,650892,649546]
[892,141,327331,322331]
[893,274,204122,204622]
[894,240,91787,93129]
[895,141,495818,495568]
[896,253,617704,616704]
[897,137,502183,501683]
[898,234,695578,700578]
[899,227,629294,628294]
[900,7,403955,402955]
[901,271,313009,308009]
[902,238,410448,410948]
[903,86,230062,230562]
[904,269,194673,189673]
[905,3,690242,685242]
[906,153,45129,44629]
[907,150,40588,40626]
[908,169,367463,366963]
[909,116,264263,265263]
[910,276,112948,117948]
[911,267,598182,597682]
[912,225,278136,277136]
[913,183,508198,507198]
[914,172,142602,143102]
[915,47,101850,96850]
[916,201,146479,141479]
[917,71,359792,358792]
[918,10,720563,725563]
[919,34,59507,64507]
[920,220,718875,723875]
[921,78,277142,282142]
[922,55,165679,165179]
[923,120,209562,210562]
[924,129,680286,678803]
[925,174,56897,57244]
[926,156,200245,201715]
[927,262,519901,520901]
[928,169,638235,637235]
[929,239,456591,456091]
[930,205,544250,543486]
[931,53,458580,458080]
[932,45,114373,113373]
[933,174,61182,61682]
[934,240,437714,438714]
[935,127,467090,462090]
[936,57,472483,471983]
[937,191,442614,437614]
[938,80,343855,344636]
[939,261,297319,296319]
[940,259,590220,589220]
[941,32,316307,317307]
[942,77,606977,606404]
[943,254,590013,590941]
[944,97,644145,639145]
[945,215,509887,508574]
[946,203,84183,83183]
[947,156,603763,604263]
[948,67,118946,118446]
[949,208,176615,181615]
[950,33,357278,355831]
[951,160,383187,388187]
[952,155,497503,496503]
[953,111,498264,493264]
[954,66,221120,222120]
[955,78,43414,44414]
[956,153,131597,126597]
[957,29,730709,730360]
[958,154,144763,145763]
[959,53,336959,336233]
[960,237,130026,129526]
[961,274,571328,571828]
[962,6,141155,141343]
[963,80,630391,630891]
[964,157,87807,82807]
[965,130,375252,380252]
[966,193,384024,383524]
[967,160,437025,437448]
[968,244,425078,425578]
[969,175,321245,320245]
[970,205,696633,696133]
[971,249,428015,423015]
[972,59,648076,647576]
[973,139,547473,546973]
[974,168,75510,76411]
[975,129,570849,570349]
[976,75,230239,229739]
[977,142,6942,7568]
[978,193,524215,519215]
[979,54,138113,139346]
[980,241,636807,635807]
[981,179,66704,65704]
[982,159,233908,233085]
[983,31,375125,370125]
[984,202,266618,267354]
[985,203,219155,214155]
[986,65,398821,397821]
[987,44,452296,453296]
[988,198,650292,655292]
[989,149,436904,435882]
[990,125,237206,232206]
[991,254,507945,508945]
[992,145,121226,120226]
[993,121,88900,88563]
[994,198,269830,270830]
[995,183,170206,165206]
[996,77,524648,519648]
[997,35,108541,108041]
[998,200,388817,393817]
[999,168,545262,545762]
[1000,165,46783,46474]
