["head":"wrap","lpos","status"]
[199,610301,0]
["io count"]
[1000]
["io":"id","wrap","startLpos","endLpos"]
[1,212,613769,618769]
[2,51,500968,500468]
[3,73,197348,196848]
[4,139,386345,385845]
[5,187,335023,334523]
[6,53,673153,672153]
[7,215,394854,394354]
[8,1,494741,494241]
[9,32,148638,148872]
[10,5,157238,156738]
[11,89,44513,39513]
[12,12,716705,721705]
[13,86,182559,183596]
[14,94,239101,240101]
[15,15,475411,470411]
[16,225,156784,151784]
[17,209,268737,267461]
[18,165,151649,146649]
[19,172,707687,707997]
[20,241,456971,455971]
[21,71,235303,230303]
[22,210,281897,282397]
[23,109,482575,477575]
[24,180,317688,322688]
[25,183,626986,626688]
[26,154,301766,302766]
[27,46,194914,199914]
[28,249,414194,413425]
[29,238,197395,197895]
[30,67,103151,102651]
[31,61,729611,724611]
[32,140,243867,244436]
[33,152,267939,269107]
[34,230,248368,249368]
[35,78,672066,673066]
[36,279,185720,184720]
[37,238,20748,21248]
[38,89,10723,10193]
[39,77,569706,568706]
[40,161,399406,398489]
[41,12,11308,16308]
[42,201,697284,696284]
[43,37,532814,532314]
[44,9,167663,162663]
[45,7,276502,271502]
[46,52,575256,575756]
[47,90,7170,8170]
[48,27,599487,598851]
[49,60,281551,286551]
[50,211,49992,48992]
[51,223,237524,237024]
[52,17,203315,202315]
[53,54,180359,181359]
[54,63,520247,519747]
[55,222,60255,65255]
[56,146,635511,640511]
[57,236,88412,89837]
[58,65,238618,238118]
[59,125,701393,696393]
[60,57,15833,14391]
[61,260,199291,200291]
[62,265,546871,545617]
[63,162,422014,423032]
[64,253,282777,282277]
[65,119,368518,363518]
[66,228,451930,452930]
[67,83,585424,584924]
[68,67,46522,45941]
[69,28,305877,306877]
[70,53,3523,3023]
[71,94,255932,256932]
[72,62,512476,512976]
[73,92,180228,185228]
[74,217,463304,462505]
[75,87,105877,104877]
[76,276,16121,16621]
[77,122,165483,165983]
[78,93,457968,456968]
[79,274,31851,36851]
[80,199,212283,211598]
[81,28,201762,202449]
[82,200,673012,674012]
[83,255,300049,299549]
[84,38,39830,40569]
[85,87,229373,224373]
[86,72,424441,425441]
[87,124,670451,670951]
[88,261,528479,527479]
[89,104,150734,155734]
[90,235,707183,702183]
[91,51,285383,284051]
[92,89,131656,130358]
[93,48,166853,167853]
[94,220,133036,133536]
[95,107,670111,669611]
[96,269,86904,86404]
[97,268,691160,696160]
[98,109,47504,42504]
[99,173,514164,513164]
[100,250,166090,166590]
[101,147,245254,244754]
[102,236,551836,552123]
[103,83,650346,649846]
[104,23,52389,51889]
[105,2,167230,168230]
[106,143,431358,430358]
[107,131,567671,567249]
[108,239,173329,172329]
[109,107,689096,688596]
[110,173,144532,144329]
[111,47,456916,451916]
[112,131,630399,629399]
[113,223,87567,87067]
[114,112,481323,486323]
[115,232,66116,71116]
[116,221,65154,64154]
[117,26,273355,278355]
[118,265,623733,622409]
[119,157,666749,665749]
[120,92,533985,534985]
[121,12,431631,432924]
[122,262,424530,429530]
[123,73,614224,614006]
[124,182,260241,261241]
[125,48,524800,525914]
[126,142,193512,194012]
[127,127,85468,84927]
[128,69,192303,191303]
[129,161,730288,725288]
[130,173,603649,602649]
[131,188,201691,202691]
[132,147,65524,64524]
[133,90,585404,586679]
[134,265,680778,675778]
[135,228,51298,51798]
[136,185,60938,60438]
[137,96,316985,318440]
[138,272,216528,217912]
[139,102,695458,695903]
[140,153,198882,198382]
[141,20,439630,440630]
[142,262,294041,295041]
[143,247,5454,4454]
[144,69,366655,366019]
[145,86,219441,224441]
[146,54,713150,714150]
[147,220,112899,117899]
[148,139,238435,237935]
[149,103,235127,234627]
[150,256,609733,610233]
[151,276,318370,323370]
[152,258,612411,612889]
[153,49,633458,632988]
[154,227,544183,543683]
[155,276,724837,725917]
[156,69,612701,611701]
[157,71,453449,452544]
[158,17,648390,647234]
[159,175,240034,235034]
[160,49,220850,219850]
[161,18,14139,15077]
[162,221,112868,107868]
[163,40,97282,98270]
[164,67,140614,135614]
[165,136,193045,193545]
[166,79,645664,645589]
[167,204,268589,273589]
[168,70,63568,68568]
[169,85,354142,353642]
[170,230,525132,526132]
[171,193,209948,204948]
[172,195,495103,490103]
[173,143,113710,108710]
[174,211,422048,421048]
[175,219,615093,614093]
[176,19,705912,705412]
[177,146,677036,677952]
[178,85,551335,550703]
[179,253,84801,84301]
[180,36,697321,698321]
[181,38,672203,672703]
[182,83,70446,69946]
[183,207,433011,432152]
[184,129,426468,425968]
[185,146,665093,670093]
[186,30,334383,335383]
[187,269,706940,701940]
[188,223,541309,540809]
[189,68,70840,71340]
[190,256,213891,214891]
[191,15,156101,155101]
[192,98,401771,402771]
[193,178,102929,103429]
[194,167,662951,662359]
[195,17,448766,443766]
[196,48,223880,224239]
[197,176,454635,455135]
[198,79,650373,649373]
[199,117,684221,683221]
[200,149,610560,610060]
[201,124,567542,568083]
[202,173,132639,127639]
[203,98,89942,90942]
[204,161,549979,549276]
[205,99,400161,399161]
[206,10,362748,363748]
[207,4,369635,370135]
[208,273,598172,593172]
[209,251,624376,623303]
[210,92,88235,89235]
[211,127,557386,556934]
[212,158,501571,502071]
[213,212,246824,247824]
[214,3,436343,435843]
[215,274,471197,476197]
[216,22,701376,706376]
[217,55,559151,558651]
[218,161,669260,668131]
[219,84,585452,586452]
[220,179,330344,329844]
[221,27,134341,133841]
[222,57,635912,635412]
[223,141,152242,151242]
[224,16,32815,33815]
[225,10,680736,681236]
[226,185,656119,651119]
[227,112,655500,660500]
[228,146,592637,593637]
[229,55,730993,727805]
[230,56,43490,43990]
[231,184,269557,270557]
[232,268,515646,515746]
[233,268,687073,692073]
[234,4,165618,166725]
[235,191,543719,543219]
[236,78,638588,639088]
[237,128,475070,480070]
[238,163,259168,258168]
[239,2,626718,627718]
[240,172,39848,40848]
[241,89,495537,494537]
[242,87,127650,122650]
[243,75,79229,78729]
[244,232,421071,422352]
[245,8,260677,261703]
[246,165,427405,422405]
[247,133,462838,461838]
[248,243,591840,590897]
[249,205,693103,692627]
[250,256,223078,223578]
[251,64,345728,350728]
[252,11,606181,601181]
[253,243,468983,467983]
[254,234,450145,450645]
[255,169,645518,644518]
[256,161,599297,598060]
[257,88,663732,668732]
[258,211,352835,352426]
[259,53,447244,447168]
[260,70,464673,469673]
[261,8,494009,499009]
[262,46,702842,703147]
[263,93,330050,329550]
[264,134,419798,420798]
[265,15,287365,286865]
[266,242,282557,283520]
[267,58,263713,264213]
[268,157,526404,521404]
[269,105,94956,94456]
[270,116,366685,367185]
[271,139,514101,509101]
[272,278,388506,393506]
[273,91,168786,163786]
[274,225,584988,583585]
[275,32,59532,59721]
[276,39,119562,118562]
[277,208,664849,665519]
[278,47,431806,430354]
[279,188,461986,462486]
[280,48,240093,240869]
[281,199,650553,649553]
[282,39,165763,160763]
[283,56,241746,242296]
[284,78,654587,656076]
[285,67,722141,721141]
[286,140,719002,719502]
[287,188,595086,595128]
[288,4,486393,486893]
[289,52,726486,726766]
[290,27,143656,143070]
[291,131,526322,524960]
[292,153,428483,427983]
[293,40,702613,707613]
[294,260,138490,139422]
[295,180,373857,374357]
[296,276,398264,398764]
[297,152,153663,154663]
[298,77,149655,149155]
[299,47,396700,395700]
[300,27,149867,149367]
[301,113,729734,724734]
[302,266,421723,422352]
[303,262,319315,320113]
[304,72,264413,269413]
[305,48,612556,617556]
[306,150,386900,386986]
[307,269,72572,71572]
[308,6,608723,609223]
[309,15,521700,520700]
[310,155,227643,226643]
[311,170,391564,392064]
[312,137,209059,208061]
[313,8,575817,580817]
[314,31,130608,125608]
[315,259,574706,573706]
[316,4,717921,718726]
[317,1,588431,587364]
[318,204,599182,600673]
[319,66,306027,311027]
[320,236,697591,698636]
[321,158,298000,298406]
[322,251,286579,285579]
[323,255,218958,217958]
[324,38,401261,402261]
[325,31,263158,258158]
[326,185,119528,114528]
[327,114,542797,543297]
[328,277,235342,230342]
[329,100,632893,637893]
[330,1,333667,332638]
[331,206,304830,305830]
[332,49,591725,590410]
[333,60,609958,610921]
[334,113,472918,471918]
[335,207,428667,427667]
[336,197,501369,496369]
[337,226,644455,645455]
[338,40,190849,195849]
[339,243,616559,611559]
[340,130,98386,98886]
[341,53,210156,209156]
[342,25,730749,725749]
[343,85,51443,50443]
[344,190,73116,73616]
[345,259,304733,303443]
[346,63,3290,1921]
[347,140,160066,161066]
[348,119,24116,23616]
[349,100,219804,220705]
[350,160,422558,423433]
[351,245,88772,88272]
[352,202,138715,139715]
[353,264,211831,212831]
[354,243,516274,515274]
[355,103,234545,229545]
[356,166,218768,223768]
[357,254,14912,15912]
[358,188,642172,647172]
[359,272,560807,561199]
[360,37,407254,402254]
[361,154,490526,495526]
[362,76,74971,75621]
[363,30,615417,616463]
[364,202,312299,317299]
[365,32,169035,174035]
[366,26,185838,186338]
[367,139,226779,226256]
[368,65,74978,74478]
[369,89,508574,503574]
[370,119,257078,256578]
[371,201,128688,127653]
[372,157,45977,40977]
[373,205,289284,288784]
[374,204,211866,212366]
[375,113,535440,530440]
[376,277,133933,132933]
[377,222,377598,378487]
[378,72,639065,639565]
[379,66,382014,382514]
[380,87,62218,61218]
[381,184,369664,374664]
[382,213,587865,587365]
[383,138,321879,322379]
[384,62,710469,710969]
[385,48,509916,514916]
[386,45,643349,642849]
[387,267,466715,466177]
[388,239,66878,65830]
[389,164,508891,509891]
[390,275,638002,637002]
[391,241,501717,496717]
[392,244,526727,527727]
[393,240,495330,496405]
[394,8,483663,484816]
[395,141,704352,703132]
[396,205,455601,454344]
[397,240,199468,200393]
[398,105,43412,42912]
[399,85,35767,34767]
[400,112,563115,564115]
[401,168,370006,371006]
[402,28,349322,349610]
[403,39,433908,432916]
[404,145,245470,244470]
[405,222,144544,145044]
[406,259,669719,664719]
[407,66,347474,348750]
[408,170,227426,228151]
[409,277,705731,705231]
[410,37,349243,344243]
[411,217,140295,139295]
[412,277,595246,594735]
[413,143,460788,459920]
[414,279,631934,631434]
[415,130,10889,15889]
[416,197,359363,358363]
[417,55,171661,166661]
[418,155,114888,113688]
[419,112,485170,486170]
[420,78,252757,253757]
[421,163,371066,370566]
[422,75,613776,612985]
[423,159,455182,450182]
[424,91,647682,646682]
[425,204,478877,483877]
[426,215,656124,655124]
[427,268,327804,328304]
[428,36,230455,235455]
[429,20,715625,716125]
[430,251,415112,414112]
[431,134,53685,54685]
[432,81,667170,666670]
[433,213,481781,481281]
[434,215,374056,373056]
[435,68,275720,276220]
[436,118,536747,537247]
[437,96,233441,234271]
[438,33,506266,505190]
[439,114,303255,304255]
[440,240,239538,239889]
[441,93,281035,276035]
[442,5,461898,460898]
[443,266,76663,77163]
[444,47,213660,208660]
[445,175,392538,392038]
[446,51,270298,269298]
[447,186,709497,710674]
[448,20,453121,454121]
[449,95,131296,130296]
[450,251,719369,718785]
[451,22,361215,362215]
[452,92,249706,251036]
[453,186,207634,208134]
[454,1,148361,147861]
[455,233,212743,211743]
[456,54,727083,730993]
[457,189,467350,462350]
[458,122,133169,134169]
[459,104,507101,507601]
[460,270,730112,730612]
[461,164,360333,361333]
[462,257,56769,55769]
[463,99,190573,189478]
[464,39,90751,89387]
[465,74,92348,97348]
[466,205,256650,256150]
[467,96,630272,635272]
[468,11,410479,409429]
[469,109,444995,444495]
[470,69,671733,670733]
[471,99,514156,513156]
[472,80,225151,226348]
[473,220,270368,270868]
[474,240,104466,109466]
[475,168,219664,220164]
[476,11,481658,481158]
[477,219,233876,233529]
[478,42,154672,159672]
[479,111,622314,621814]
[480,216,718296,719477]
[481,107,593217,592717]
[482,118,533944,534944]
[483,168,387835,388835]
[484,234,342033,343033]
[485,242,593451,593951]
[486,231,673123,672623]
[487,194,535995,536995]
[488,236,136397,137684]
[489,65,403420,402607]
[490,86,33048,38048]
[491,237,8071,7571]
[492,16,375018,375518]
[493,263,669893,664893]
[494,212,238550,239550]
[495,222,83135,83635]
[496,259,279649,274649]
[497,184,314804,319804]
[498,213,214483,213483]
[499,151,616591,616091]
[500,94,503173,504142]
[501,79,46154,45154]
[502,247,601896,596896]
[503,230,707519,708019]
[504,34,391799,392799]
[505,128,474934,475934]
[506,108,18589,19973]
[507,43,564333,559333]
[508,167,482012,481012]
[509,50,485547,485958]
[510,50,454402,459402]
[511,200,662014,663014]
[512,98,368900,370293]
[513,8,486022,491022]
[514,98,606858,607257]
[515,30,364218,364525]
[516,230,143798,144798]
[517,269,75541,70541]
[518,39,557088,556088]
[519,210,524948,529948]
[520,53,539462,538962]
[521,270,418878,419378]
[522,30,452043,452543]
[523,104,146013,151013]
[524,178,314918,319918]
[525,81,125867,124867]
[526,148,444933,445933]
[527,185,27112,26612]
[528,191,575437,570437]
[529,4,386599,391599]
[530,74,634796,639796]
[531,50,10223,10723]
[532,246,601813,602026]
[533,197,344813,343813]
[534,95,104819,104461]
[535,108,171788,172288]
[536,121,379656,378656]
[537,123,656564,656064]
[538,188,27573,28573]
[539,184,100753,101855]
[540,118,31244,31596]
[541,28,334214,339214]
[542,71,551830,551651]
[543,97,374232,373732]
[544,145,604061,603061]
[545,214,723052,724541]
[546,230,303761,304261]
[547,138,331334,332334]
[548,42,608812,609312]
[549,147,595714,590714]
[550,10,318372,319757]
[551,60,138112,138612]
[552,147,236185,235185]
[553,0,617702,618685]
[554,241,114553,113243]
[555,228,335351,336351]
[556,44,636784,637284]
[557,205,584868,579868]
[558,74,68407,73407]
[559,156,20342,20842]
[560,115,484215,483215]
[561,170,590021,590521]
[562,233,580359,579859]
[563,41,266726,265726]
[564,2,378969,379969]
[565,174,206405,211405]
[566,172,378514,383514]
[567,20,314271,315271]
[568,26,458161,463161]
[569,28,110434,115434]
[570,220,695027,696027]
[571,65,133469,132469]
[572,58,359367,364367]
[573,50,95426,100426]
[574,28,449223,449676]
[575,191,142671,141788]
[576,154,439792,440692]
[577,179,410130,409273]
[578,29,295129,294629]
[579,250,435387,436387]
[580,187,572856,567856]
[581,245,373453,372953]
[582,168,468380,473380]
[583,68,186609,187609]
[584,141,529068,524068]
[585,172,33696,34196]
[586,14,523739,528739]
[587,65,207019,202019]
[588,135,61453,60050]
[589,174,337618,338118]
[590,82,174481,174570]
[591,208,716853,717055]
[592,6,553933,554933]
[593,143,565128,564628]
[594,65,171251,166251]
[595,166,30941,31185]
[596,165,651412,646412]
[597,172,706463,711463]
[598,215,98427,97927]
[599,95,579901,578901]
[600,186,503895,508895]
[601,250,249256,249756]
[602,256,248920,253920]
[603,119,264278,259278]
[604,57,426029,425529]
[605,223,633324,633195]
[606,112,410164,415164]
[607,4,562357,562857]
[608,91,106514,106014]
[609,58,684916,689916]
[610,245,635041,634541]
[611,215,330027,329527]
[612,63,29177,24177]
[613,182,283456,283956]
[614,111,155215,154715]
[615,206,233640,234140]
[616,26,590636,595636]
[617,124,227614,227990]
[618,241,697411,696911]
[619,20,650833,655833]
[620,137,5110,110]
[621,224,506362,507169]
[622,93,497579,496579]
[623,53,502674,501674]
[624,269,179907,179574]
[625,250,549413,554413]
[626,196,496233,496733]
[627,63,347929,342929]
[628,273,521886,516886]
[629,232,157980,158399]
[630,171,408127,407127]
[631,266,140868,145868]
[632,239,207157,206657]
[633,193,106226,105226]
[634,20,517930,518430]
[635,270,336349,341349]
[636,187,279375,278313]
[637,204,641653,642315]
[638,15,573884,573096]
[639,49,226536,225536]
[640,206,330416,330774]
[641,203,531180,530680]
[642,269,82637,81637]
[643,9,604567,599567]
[644,151,205422,204922]
[645,58,659959,660252]
[646,220,110728,111228]
[647,222,224421,224921]
[648,29,555719,554719]
[649,7,8013,6880]
[650,133,33100,32188]
[651,252,410312,411404]
[652,221,258024,257524]
[653,92,639170,639670]
[654,23,14366,13866]
[655,76,9804,10304]
[656,116,35330,35830]
[657,249,72702,71702]
[658,150,510333,510833]
[659,2,548387,549387]
[660,30,586500,587500]
[661,2,265818,266318]
[662,84,668227,673227]
[663,56,127133,128133]
[664,277,458299,457404]
[665,244,508627,509627]
[666,233,544957,543957]
[667,202,61389,61923]
[668,97,566833,561833]
[669,206,385646,386146]
[670,106,693498,694726]
[671,78,674435,675390]
[672,16,197260,202260]
[673,13,655665,654665]
[674,190,184093,189093]
[675,43,721509,721226]
[676,16,32319,32819]
[677,241,604341,604042]
[678,134,614605,615105]
[679,112,577109,577399]
[680,148,531840,532840]
[681,105,448136,447136]
[682,223,574911,569911]
[683,8,428141,428641]
[684,130,190703,195703]
[685,257,74766,74170]
[686,146,13928,14428]
[687,97,143095,138095]
[688,184,693775,698775]
[689,254,727904,728404]
[690,274,528751,529751]
[691,251,421911,421617]
[692,103,155335,150335]
[693,64,410075,410575]
[694,69,106778,105778]
[695,71,725529,720529]
[696,217,8463,3463]
[697,186,141558,142558]
[698,91,281451,281064]
[699,148,643602,644599]
[700,141,331910,330910]
[701,8,398498,398998]
[702,78,99732,100232]
[703,211,328572,323572]
[704,223,134229,133229]
[705,130,292017,292734]
[706,40,205275,205775]
[707,197,552518,547518]
[708,208,589743,594743]
[709,252,636550,637050]
[710,114,236466,237466]
[711,122,80694,81694]
[712,72,180426,181426]
[713,4,503998,505247]
[714,134,5239,10239]
[715,39,277719,276408]
[716,169,246243,245743]
[717,138,104925,105925]
[718,195,243082,242082]
[719,56,77424,77506]
[720,61,310518,309518]
[721,110,153148,154148]
[722,27,443602,443102]
[723,187,382440,377440]
[724,228,122420,123420]
[725,240,412499,413499]
[726,1,104973,103973]
[727,139,213898,208898]
[728,207,628204,627704]
[729,135,705217,705128]
[730,5,726191,721191]
[731,115,320570,320070]
[732,15,32678,32178]
[733,202,586342,591342]
[734,22,708762,709766]
[735,88,396894,397855]
[736,118,670603,671779]
[737,226,222304,222804]
[738,81,373662,373162]
[739,82,379866,380866]
[740,113,578897,577897]
[741,145,556818,556318]
[742,141,366998,366498]
[743,259,368124,367124]
[744,106,481156,482156]
[745,219,82238,81738]
[746,209,199106,198071]
[747,179,446107,441107]
[748,132,83276,88276]
[749,214,639866,640573]
[750,143,285687,285187]
[751,120,215863,216863]
[752,170,1887,2387]
[753,243,497305,496674]
[754,263,106259,104912]
[755,55,145324,143872]
[756,259,477862,472862]
[757,111,556638,556138]
[758,198,465010,465510]
[759,245,221786,220786]
[760,30,709604,714604]
[761,107,103558,102932]
[762,73,354967,354740]
[763,269,712151,707151]
[764,117,86712,86176]
[765,52,393838,398838]
[766,51,334036,333036]
[767,179,306454,305454]
[768,151,685703,684703]
[769,228,468657,469657]
[770,102,110791,111291]
[771,142,675079,676079]
[772,276,546324,546824]
[773,265,699757,699205]
[774,199,222546,217546]
[775,123,58114,57114]
[776,174,390150,395150]
[777,74,141334,142709]
[778,64,325779,330779]
[779,159,451966,451466]
[780,82,680086,685086]
[781,193,222822,217822]
[782,95,391224,390724]
[783,42,60153,65153]
[784,241,455423,454423]
[785,237,516538,511538]
[786,131,347918,347418]
[787,205,489786,488753]
[788,131,126490,125490]
[789,10,22687,23687]
[790,245,149003,148503]
[791,30,543049,548049]
[792,126,202780,207780]
[793,40,439657,440657]
[794,154,163087,168087]
[795,111,120855,120355]
[796,242,467773,468273]
[797,40,402256,403481]
[798,87,172216,171716]
[799,250,194403,195403]
[800,87,520630,519630]
[801,117,332186,331686]
[802,115,716190,711190]
[803,156,419853,421325]
[804,132,30443,31443]
[805,233,102518,101677]
[806,117,468580,467119]
[807,254,719845,720845]
[808,130,459593,460093]
[809,248,358522,359022]
[810,57,285117,280117]
[811,149,285741,280741]
[812,260,184143,184643]
[813,227,423231,422731]
[814,149,201528,196528]
[815,150,644369,645369]
[816,140,557219,557719]
[817,253,644985,644281]
[818,160,217282,222282]
[819,128,575804,580804]
[820,57,302652,301652]
[821,79,583392,582393]
[822,212,354303,359303]
[823,215,556583,555342]
[824,246,383564,388564]
[825,103,586844,585844]
[826,191,274880,274823]
[827,9,590710,589807]
[828,211,176626,175626]
[829,140,477278,482278]
[830,219,510401,505401]
[831,278,163397,164397]
[832,157,245124,244124]
[833,184,698103,698227]
[834,109,51444,50944]
[835,3,584156,583512]
[836,121,246300,245300]
[837,144,505619,506119]
[838,144,137777,138277]
[839,54,552803,553303]
[840,227,423771,418771]
[841,52,84773,86027]
[842,184,316730,317070]
[843,58,678179,683179]
[844,75,274906,274406]
[845,126,708494,709494]
[846,59,452125,447125]
[847,246,663121,668121]
[848,107,208565,207565]
[849,111,119443,118943]
[850,220,142990,143990]
[851,47,326775,325775]
[852,104,88235,89235]
[853,76,544928,549928]
[854,218,265439,270439]
[855,163,609533,609033]
[856,228,643658,644686]
[857,243,12680,11680]
[858,70,219245,224245]
[859,53,519913,514913]
[860,274,103633,104626]
[861,272,445655,446655]
[862,206,433262,434262]
[863,198,368054,368554]
[864,137,23634,22982]
[865,126,553049,553214]
[866,174,463084,463207]
[867,104,696882,697882]
[868,158,657525,657719]
[869,268,53697,54697]
[870,261,676375,676076]
[871,202,446,1446]
[872,242,544982,549982]
[873,48,775,1275]
[874,174,730549,730993]
[875,233,642047,637047]
[876,128,391528,396528]
[877,153,668730,668230]
[878,0,168676,169176]
[879,127,451511,450511]
[880,243,52378,51878]
[881,37,53325,52325]
[882,279,598644,597307]
[883,53,186908,185908]
[884,112,359871,360371]
[885,65,447649,442649]
[886,65,104183,103183]
[887,218,217143,218143]
[888,90,562543,563543]
[889,90,458784,459357]
[890,177,420757,420447]
[891,93,401128,400494]
[892,162,473114,473614]
[893,127,693706,693206]
[894,204,105791,106791]
[895,234,254146,254646]
[896,71,141272,140990]
[897,159,81724,76724]
[898,249,536508,535508]
[899,174,491901,492401]
[900,137,324895,323895]
[901,100,22203,27203]
[902,134,672041,677041]
[903,261,639254,634254]
[904,57,186027,185775]
[905,62,165485,166485]
[906,278,455968,456968]
[907,88,533388,538388]
[908,115,344853,343853]
[909,38,574765,579765]
[910,44,97525,102525]
[911,117,220015,219515]
[912,206,18103,23103]
[913,248,230708,231444]
[914,203,647431,642431]
[915,67,313345,312845]
[916,217,42819,37819]
[917,178,16937,17437]
[918,13,361790,360790]
[919,203,381785,381285]
[920,247,483810,478810]
[921,236,144055,145508]
[922,61,311748,311069]
[923,220,93949,94449]
[924,180,561215,562670]
[925,102,198627,203627]
[926,124,144233,144773]
[927,80,273413,278413]
[928,155,659698,654698]
[929,275,403015,402515]
[930,103,724512,723294]
[931,191,695546,690546]
[932,152,701677,702677]
[933,165,625581,624245]
[934,60,157515,158515]
[935,22,373901,374401]
[936,9,146653,146153]
[937,12,121329,121829]
[938,238,601869,602708]
[939,146,176742,177242]
[940,229,221035,220173]
[941,175,299536,298876]
[942,213,663399,662970]
[943,12,324272,325386]
[944,249,439770,438827]
[945,24,409073,414073]
[946,204,543163,543663]
[947,251,530499,525499]
[948,273,501579,500135]
[949,26,565351,566351]
[950,74,604076,609076]
[951,7,537052,536052]
[952,57,400870,395870]
[953,264,280038,281381]
[954,157,695894,695418]
[955,213,125063,120063]
[956,149,317080,316080]
[957,103,689340,688840]
[958,6,727502,730993]
[959,112,365380,366380]
[960,204,513354,513854]
[961,249,98091,97091]
[962,177,182825,181825]
[963,140,587187,588187]
[964,17,552111,551611]
[965,254,549876,550376]
[966,272,276133,281133]
[967,29,372112,367112]
[968,69,225407,224407]
[969,135,93783,92783]
[970,276,388511,389106]
[971,96,612284,617284]
[972,274,63116,63616]
[973,134,96033,97033]
[974,23,648644,647644]
[975,149,467527,466527]
[976,141,188890,188390]
[977,42,555503,560503]
[978,111,226477,225640]
[979,117,306132,305018]
[980,119,550058,549058]
[981,234,617421,618435]
[982,103,194829,193479]
[983,108,46307,47307]
[984,258,689558,690069]
[985,55,429069,424069]
[986,54,335697,336697]
[987,120,261331,261831]
[988,109,566849,566349]
[989,225,479343,478843]
[990,158,272627,272766]
[991,89,173230,168230]
[992,76,266700,267023]
[993,168,513791,514291]
[994,235,672824,672700]
[995,50,535101,535759]
[996,197,698254,697754]
[997,26,709834,710334]
[998,123,458683,457683]
[999,154,176040,176540]
[1000,263,659713,659015]
