["head":"wrap","lpos","status"]
[261,650831,1]
["io count"]
[1000]
["io":"id","wrap","startLpos","endLpos"]
[1,106,691658,692777]
[2,64,28923,29923]
[3,213,658596,658096]
[4,144,14192,14692]
[5,222,372532,377532]
[6,50,428986,429986]
[7,15,144605,143816]
[8,5,247766,247438]
[9,163,562744,557744]
[10,89,680221,679721]
[11,40,644396,644896]
[12,10,161181,162181]
[13,180,612607,613607]
[14,156,727361,727861]
[15,128,522123,527123]
[16,197,341241,340241]
[17,151,728892,727892]
[18,156,421060,421560]
[19,257,517115,516115]
[20,175,208156,207656]
[21,75,716563,716063]
[22,167,523399,522399]
[23,217,614285,609285]
[24,258,710363,710863]
[25,266,629703,630186]
[26,266,43158,48158]
[27,10,216780,218038]
[28,54,460944,461706]
[29,249,416706,411706]
[30,73,589739,588739]
[31,185,566149,561149]
[32,102,608574,609788]
[33,244,63930,64430]
[34,231,694134,693634]
[35,276,209676,210176]
[36,242,17040,18040]
[37,226,432169,433555]
[38,112,681891,682528]
[39,26,274310,274810]
[40,279,626797,625797]
[41,266,103373,104758]
[42,23,130626,125626]
[43,184,284887,285387]
[44,32,415259,415759]
[45,168,133763,135038]
[46,191,310860,309860]
[47,229,285318,284818]
[48,236,117213,122213]
[49,36,715072,720072]
[50,21,412591,412091]
[51,260,717685,718685]
[52,156,289041,290251]
[53,68,322623,323123]
[54,71,7050,6550]
[55,36,615235,620235]
[56,100,194101,194810]
[57,31,566059,561059]
[58,135,256110,251110]
[59,15,6226,5726]
[60,256,232000,232500]
[61,157,637447,636947]
[62,90,200057,200557]
[63,30,699404,699904]
[64,253,152684,151684]
[65,10,35925,36637]
[66,194,652342,653240]
[67,201,156831,155831]
[68,203,469800,469300]
[69,15,554752,554252]
[70,55,519060,514060]
[71,57,223141,222641]
[72,26,320681,321533]
[73,146,455474,456569]
[74,254,478182,483182]
[75,236,330663,331163]
[76,12,107793,108793]
[77,225,281234,280234]
[78,73,101570,101070]
[79,137,159616,159116]
[80,14,264340,265340]
[81,267,505749,504961]
[82,66,192113,197113]
[83,158,634370,635370]
[84,133,558484,558283]
[85,220,136545,137545]
[86,63,276112,274613]
[87,170,565572,566008]
[88,154,428619,433619]
[89,40,138690,139237]
[90,201,539901,538484]
[91,264,408660,409660]
[92,244,223417,228417]
[93,31,327257,326757]
[94,123,464302,463302]
[95,58,6921,7421]
[96,69,45579,44579]
[97,276,30256,30736]
[98,246,394545,399545]
[99,34,176920,177940]
[100,225,22030,21530]
[101,119,376497,375497]
[102,187,599502,599002]
[103,174,106354,106854]
[104,140,223889,228889]
[105,92,64070,64570]
[106,213,470323,469823]
[107,193,645846,645346]
[108,32,485621,490621]
[109,218,108271,109271]
[110,18,682594,683687]
[111,138,613113,613613]
[112,45,658345,657845]
[113,91,33705,33205]
[114,103,435233,433818]
[115,110,134987,135987]
[116,279,325659,320659]
[117,135,222492,217492]
[118,278,140898,141398]
[119,71,181360,180260]
[120,47,360734,360234]
[121,6,447888,448888]
[122,151,415886,415386]
[123,34,681123,681992]
[124,194,154345,155332]
[125,152,319935,320435]
[126,218,93458,93958]
[127,37,530200,529327]
[128,256,529729,530229]
[129,218,216610,221610]
[130,38,516605,517105]
[131,55,12719,12456]
[132,67,516848,515632]
[133,40,707474,707521]
[134,270,260988,261988]
[135,208,354447,359447]
[136,245,330504,329504]
[137,191,118206,117706]
[138,39,583373,578373]
[139,50,75559,76763]
[140,211,615186,614186]
[141,94,332423,332456]
[142,203,593835,592575]
[143,48,585141,586141]
[144,182,440648,445648]
[145,176,300759,301259]
[146,153,194250,189250]
[147,85,706111,705000]
[148,112,185081,185207]
[149,190,656913,657413]
[150,4,435066,435536]
[151,1,82333,81333]
[152,263,396733,395391]
[153,237,366531,361531]
[154,133,113020,108020]
[155,6,473995,474995]
[156,243,625225,624725]
[157,135,87139,85715]
[158,195,183481,182481]
[159,203,696029,694968]
[160,172,165006,170006]
[161,185,545097,544097]
[162,240,30226,31571]
[163,234,326198,331198]
[164,181,336947,335947]
[165,114,55016,60016]
[166,22,122801,122881]
[167,47,726110,725258]
[168,66,113089,113796]
[169,113,151694,151155]
[170,111,113957,113906]
[171,207,494531,493531]
[172,132,296279,301279]
[173,215,396798,396298]
[174,133,390545,390048]
[175,57,378795,373795]
[176,47,523753,522910]
[177,214,644420,649420]
[178,47,65582,64582]
[179,218,205565,210565]
[180,70,553498,554498]
[181,59,56993,55993]
[182,170,528254,528754]
[183,258,593476,598476]
[184,112,446367,447367]
[185,41,267130,265892]
[186,93,591196,586196]
[187,27,500123,499623]
[188,226,9935,14935]
[189,37,216000,215500]
[190,107,39004,38004]
[191,166,270721,270947]
[192,133,278917,273917]
[193,238,541723,546723]
[194,157,435756,434570]
[195,230,78867,79341]
[196,117,463526,462526]
[197,166,696732,697232]
[198,84,97409,97909]
[199,32,547802,548302]
[200,217,706908,701908]
[201,212,679282,680070]
[202,212,671559,672559]
[203,254,116575,117075]
[204,185,563477,558477]
[205,77,332194,327194]
[206,66,58726,59226]
[207,232,24464,24964]
[208,188,298598,299598]
[209,220,115406,116406]
[210,30,86321,87153]
[211,261,245093,240093]
[212,66,357382,357882]
[213,40,473957,474457]
[214,98,478164,483164]
[215,47,74864,74364]
[216,113,310314,309814]
[217,218,511003,512003]
[218,126,78607,83607]
[219,219,195272,194013]
[220,160,236991,237665]
[221,174,221094,221594]
[222,218,146734,147234]
[223,18,243650,248650]
[224,134,320068,321068]
[225,79,241395,240238]
[226,137,513367,508367]
[227,2,155389,156693]
[228,22,560587,561518]
[229,201,640105,638740]
[230,248,645507,646914]
[231,251,257682,256682]
[232,117,238335,237174]
[233,156,279114,280114]
[234,151,615348,610348]
[235,236,721590,722090]
[236,39,357670,357170]
[237,62,186763,187263]
[238,205,478414,473414]
[239,152,143194,144151]
[240,235,88826,88326]
[241,267,223243,222243]
[242,134,479938,484938]
[243,10,28059,28559]
[244,33,89137,84137]
[245,269,252285,251457]
[246,53,170917,165917]
[247,264,581903,582403]
[248,245,729412,728912]
[249,185,711481,706481]
[250,140,240537,245537]
[251,0,639504,640004]
[252,134,388448,393448]
[253,16,593231,598231]
[254,49,124098,123098]
[255,190,374556,375056]
[256,90,428913,429276]
[257,180,599859,600859]
[258,17,44507,43507]
[259,202,195718,196802]
[260,77,514694,509694]
[261,171,282838,282338]
[262,251,529590,529090]
[263,73,453345,452345]
[264,27,531205,530248]
[265,4,75856,76856]
[266,175,421441,420441]
[267,122,180966,185966]
[268,155,59055,58555]
[269,169,473025,468025]
[270,118,423449,424449]
[271,9,152517,151517]
[272,261,685607,680607]
[273,54,578682,579995]
[274,84,673143,674451]
[275,145,208668,208168]
[276,228,6417,11417]
[277,276,80695,85695]
[278,25,557909,557737]
[279,153,47206,46206]
[280,250,227017,232017]
[281,32,32502,33002]
[282,50,55892,56392]
[283,225,421286,420286]
[284,60,214975,215975]
[285,77,424143,423143]
[286,177,606784,606284]
[287,173,691979,686979]
[288,199,691446,690446]
[289,213,699800,698847]
[290,182,266511,267511]
[291,214,475737,476737]
[292,264,531630,536630]
[293,81,397970,397646]
[294,145,615202,614870]
[295,38,132993,133493]
[296,194,487638,487884]
[297,233,449945,448945]
[298,167,594522,593522]
[299,110,121520,122020]
[300,183,615191,614828]
[301,236,84239,85147]
[302,127,43218,42718]
[303,272,657588,658472]
[304,68,232408,232908]
[305,134,720047,720089]
[306,120,300694,301194]
[307,159,164223,163223]
[308,141,462467,461467]
[309,45,345802,345302]
[310,250,650238,655238]
[311,41,7014,6014]
[312,83,266940,261940]
[313,113,366356,361356]
[314,54,593764,594134]
[315,197,37906,36636]
[316,131,683347,682347]
[317,60,369858,370393]
[318,221,606751,606356]
[319,250,294752,294875]
[320,54,583535,588535]
[321,193,184200,183613]
[322,237,694559,693559]
[323,100,609554,609941]
[324,81,494601,489601]
[325,32,30104,35104]
[326,20,208457,209457]
[327,241,261543,260543]
[328,198,288129,289129]
[329,162,134304,135667]
[330,96,633320,638320]
[331,48,448843,450128]
[332,37,477266,476192]
[333,211,349138,348138]
[334,221,538061,537518]
[335,148,361319,361819]
[336,109,622862,621862]
[337,28,355722,360722]
[338,62,666750,671750]
[339,217,336813,331813]
[340,83,605799,600799]
[341,34,454804,455084]
[342,150,535695,536695]
[343,246,481728,486728]
[344,95,635589,634589]
[345,115,446638,441638]
[346,97,509526,509231]
[347,53,619511,618104]
[348,64,141422,146422]
[349,206,629561,630217]
[350,265,525664,525316]
[351,260,256910,257910]
[352,226,184368,184868]
[353,193,88964,87964]
[354,29,706412,706326]
[355,141,217109,216045]
[356,197,382444,381944]
[357,133,705090,700090]
[358,59,49387,44387]
[359,196,647970,648470]
[360,171,593728,593228]
[361,62,475580,480580]
[362,148,13542,14042]
[363,66,412915,413915]
[364,241,719047,717923]
[365,32,325516,326516]
[366,101,708460,707460]
[367,106,676556,677883]
[368,235,363773,362773]
[369,245,563281,562281]
[370,224,189211,189337]
[371,188,725549,726049]
[372,272,445438,446438]
[373,257,322383,317383]
[374,240,119621,124621]
[375,66,717106,717234]
[376,243,506699,506199]
[377,243,544863,544119]
[378,176,617828,622828]
[379,197,9600,9442]
[380,48,82405,82905]
[381,184,133847,138847]
[382,22,538602,539602]
[383,72,305116,310116]
[384,155,574870,573870]
[385,210,88096,88596]
[386,92,632326,633441]
[387,15,164994,164672]
[388,186,652805,653305]
[389,245,697715,696715]
[390,213,5187,4187]
[391,44,664815,665876]
[392,48,276132,277132]
[393,279,666049,665549]
[394,120,157741,158241]
[395,76,332857,333857]
[396,276,321098,321598]
[397,140,184084,184584]
[398,198,282619,283619]
[399,163,253340,248340]
[400,248,429252,429995]
[401,71,599249,594249]
[402,120,316111,316692]
[403,222,394505,395088]
[404,164,234897,235897]
[405,273,578095,577095]
[406,245,177247,176247]
[407,102,584365,589365]
[408,63,467071,466071]
[409,177,635763,634763]
[410,68,115750,116250]
[411,63,2404,1904]
[412,234,397520,397808]
[413,155,76082,75582]
[414,191,488204,487204]
[415,184,333305,338305]
[416,22,686277,686777]
[417,276,539648,544648]
[418,59,276111,274725]
[419,249,102900,102400]
[420,275,278829,278329]
[421,40,620623,625623]
[422,132,568221,568970]
[423,67,227488,226551]
[424,232,20185,20383]
[425,21,492780,487780]
[426,17,297434,296434]
[427,228,16890,17390]
[428,184,372109,373109]
[429,81,117084,112084]
[430,193,208051,207412]
[431,238,113412,118412]
[432,270,379670,380670]
[433,213,403137,402137]
[434,84,203640,204140]
[435,258,691420,696420]
[436,275,434691,433585]
[437,185,344852,344352]
[438,104,99131,100131]
[439,170,308963,313963]
[440,149,590148,585148]
[441,107,144791,144291]
[442,249,528961,523961]
[443,54,371828,372277]
[444,1,257431,256431]
[445,241,477532,477032]
[446,68,614735,615235]
[447,253,229093,228093]
[448,229,508948,503948]
[449,272,258641,259641]
[450,141,113366,112796]
[451,51,165803,160803]
[452,234,580713,581213]
[453,206,181975,182492]
[454,120,71970,72970]
[455,270,330907,331907]
[456,160,309021,309730]
[457,34,269074,269574]
[458,93,675932,674932]
[459,18,206613,207613]
[460,221,472596,472096]
[461,260,709262,714262]
[462,62,320580,321580]
[463,239,367918,367418]
[464,79,440388,439388]
[465,222,216025,216379]
[466,111,455403,454096]
[467,118,50727,55727]
[468,167,531729,531229]
[469,76,393532,394532]
[470,258,135377,140377]
[471,250,280723,281223]
[472,131,471233,470406]
[473,43,537132,536222]
[474,268,627143,628465]
[475,80,431415,436415]
[476,97,601316,600316]
[477,80,713155,718155]
[478,80,478337,479337]
[479,22,715616,716116]
[480,224,376892,377892]
[481,80,358749,359249]
[482,175,154985,153754]
[483,222,455373,460373]
[484,39,433193,432693]
[485,119,138114,133114]
[486,88,179160,179660]
[487,168,338045,343045]
[488,249,85562,85389]
[489,261,27806,27111]
[490,189,514175,513175]
[491,105,145912,145538]
[492,27,39102,38193]
[493,240,352230,357230]
[494,231,662569,662069]
[495,40,110235,110735]
[496,80,625005,625586]
[497,230,64930,65430]
[498,83,269696,268766]
[499,79,26504,25504]
[500,184,171042,172042]
[501,120,661890,666890]
[502,55,439067,438327]
[503,31,52306,51306]
[504,228,666048,666548]
[505,56,693509,693980]
[506,32,206823,211823]
[507,97,610182,609682]
[508,120,350905,351060]
[509,54,598305,599024]
[510,267,392099,387099]
[511,194,271157,272157]
[512,204,260638,261065]
[513,132,692948,697948]
[514,61,656463,655463]
[515,12,324371,325247]
[516,238,483069,488069]
[517,231,280704,279704]
[518,6,245669,246169]
[519,233,31617,31008]
[520,140,629004,634004]
[521,141,424272,419272]
[522,109,257391,255994]
[523,130,124422,124922]
[524,263,561726,560726]
[525,14,226927,227427]
[526,26,299507,300385]
[527,243,453625,452625]
[528,219,710408,709908]
[529,55,246251,245751]
[530,85,612021,607021]
[531,167,121429,120390]
[532,87,174900,173900]
[533,183,645450,644450]
[534,11,709653,708377]
[535,95,617007,616507]
[536,234,236820,236961]
[537,5,574786,569786]
[538,65,57517,56517]
[539,10,172252,173696]
[540,86,44459,44884]
[541,246,560895,561004]
[542,143,145822,145322]
[543,50,489405,489523]
[544,273,367885,367385]
[545,93,388796,388296]
[546,98,403812,408812]
[547,36,460330,460686]
[548,148,203920,208920]
[549,234,248379,249379]
[550,152,728299,730993]
[551,183,483838,482838]
[552,31,73385,72723]
[553,216,402213,402808]
[554,242,700364,701364]
[555,210,129641,130641]
[556,144,466427,466840]
[557,129,319476,314476]
[558,271,547060,545778]
[559,14,109771,114771]
[560,197,39577,38339]
[561,12,164,772]
[562,268,228328,228950]
[563,47,561894,561394]
[564,94,337228,337728]
[565,177,19329,19121]
[566,169,396621,395621]
[567,160,508087,509087]
[568,174,63588,64352]
[569,251,410556,410056]
[570,136,410220,410614]
[571,248,113816,114316]
[572,70,488239,488739]
[573,254,261309,266309]
[574,22,677530,678030]
[575,186,712570,713570]
[576,87,479819,478819]
[577,172,652386,652886]
[578,60,277293,277793]
[579,184,133079,133579]
[580,40,720023,720523]
[581,124,247358,252358]
[582,128,229514,229601]
[583,43,290537,289392]
[584,14,581377,581577]
[585,121,323561,322737]
[586,255,68445,63445]
[587,36,517462,522462]
[588,220,650541,650761]
[589,252,414795,415295]
[590,250,685633,686633]
[591,39,718716,713716]
[592,82,448838,449838]
[593,147,131496,130496]
[594,271,706448,701448]
[595,74,112507,113007]
[596,49,353421,352676]
[597,272,209573,210573]
[598,87,645070,644070]
[599,59,509595,504595]
[600,30,459234,460593]
[601,212,578979,580293]
[602,26,450398,455398]
[603,215,268065,263065]
[604,245,399469,398469]
[605,242,555725,556936]
[606,114,286709,291709]
[607,12,698848,700307]
[608,214,278822,280216]
[609,95,470010,469010]
[610,27,317495,316995]
[611,274,635512,640512]
[612,8,720673,721173]
[613,19,496047,494609]
[614,241,405838,405338]
[615,162,348603,349299]
[616,267,578022,577696]
[617,228,597168,597668]
[618,192,49961,54961]
[619,249,303158,298158]
[620,177,329110,328610]
[621,147,272813,271813]
[622,151,275444,274944]
[623,263,451510,450510]
[624,123,43966,42648]
[625,222,327982,328982]
[626,236,646327,651327]
[627,184,689225,694225]
[628,248,184916,185416]
[629,217,488075,483075]
[630,114,257415,262415]
[631,133,529728,529228]
[632,5,73678,73178]
[633,268,700413,705413]
[634,111,189791,188791]
[635,210,287011,288011]
[636,167,586381,585381]
[637,1,646477,641477]
[638,39,265605,264605]
[639,56,278796,279296]
[640,226,152724,153724]
[641,217,541456,536456]
[642,37,528187,527687]
[643,245,153755,152755]
[644,115,171446,170446]
[645,89,203370,198370]
[646,74,649560,650060]
[647,211,10913,9913]
[648,42,138455,139612]
[649,233,539736,539305]
[650,14,269388,269888]
[651,180,560388,561388]
[652,223,371701,370297]
[653,12,178852,179352]
[654,193,319381,318381]
[655,96,352526,353526]
[656,84,373343,378343]
[657,61,693741,692513]
[658,158,366020,371020]
[659,245,268858,268358]
[660,278,614650,615150]
[661,256,338200,339333]
[662,265,365613,365113]
[663,115,228407,227407]
[664,207,289072,288072]
[665,93,621751,620751]
[666,62,232350,232594]
[667,109,233135,232635]
[668,142,561,5561]
[669,98,82971,83471]
[670,42,285327,285827]
[671,12,404322,404822]
[672,277,38941,38441]
[673,265,443573,442573]
[674,192,176375,177752]
[675,241,155029,153958]
[676,67,509567,509067]
[677,275,390548,385548]
[678,52,449162,449662]
[679,150,415028,416505]
[680,116,319893,320393]
[681,28,524321,525321]
[682,100,474212,474712]
[683,246,311224,316224]
[684,1,388144,387883]
[685,50,36902,37902]
[686,88,671236,671736]
[687,254,545455,545955]
[688,210,658909,663909]
[689,258,340986,345986]
[690,94,106610,111610]
[691,275,77906,76661]
[692,215,349412,348412]
[693,17,579968,574968]
[694,256,313387,313887]
[695,26,350289,351289]
[696,266,467255,468255]
[697,240,281716,282716]
[698,170,386356,386856]
[699,20,173072,178072]
[700,115,456906,456406]
[701,110,533067,533524]
[702,216,198245,198858]
[703,1,218237,217237]
[704,82,340289,340789]
[705,17,586936,581936]
[706,235,293636,292431]
[707,101,481661,480661]
[708,73,343348,338348]
[709,275,25115,20115]
[710,255,699625,699125]
[711,50,498864,499364]
[712,138,638113,643113]
[713,11,125531,124357]
[714,210,719821,720488]
[715,222,424438,424938]
[716,21,217496,216496]
[717,142,394909,399909]
[718,4,192125,193125]
[719,133,446248,445748]
[720,92,501444,501685]
[721,262,424843,425343]
[722,200,654984,655984]
[723,68,686462,686962]
[724,43,493020,492020]
[725,137,186464,185464]
[726,30,578684,579237]
[727,118,656459,657459]
[728,245,387370,386315]
[729,55,658829,657829]
[730,150,414614,415114]
[731,103,79019,78519]
[732,68,43504,44004]
[733,278,473136,473636]
[734,64,109817,110817]
[735,69,154197,153697]
[736,149,561002,560002]
[737,267,667191,662191]
[738,105,318512,317512]
[739,92,573526,574526]
[740,102,335466,336466]
[741,118,522250,527250]
[742,182,78754,79754]
[743,187,498651,498444]
[744,117,668661,668161]
[745,186,90864,91364]
[746,55,651866,650866]
[747,195,28293,27793]
[748,20,345306,346306]
[749,264,187838,192838]
[750,86,700028,700528]
[751,76,491284,496284]
[752,259,571226,570038]
[753,105,66293,65293]
[754,94,179184,180184]
[755,0,270048,275048]
[756,207,367566,366644]
[757,211,235591,230591]
[758,273,581838,580855]
[759,159,364375,363875]
[760,259,502006,497006]
[761,122,498903,500122]
[762,75,78848,78348]
[763,220,717452,722452]
[764,121,209416,208916]
[765,123,32777,27777]
[766,231,257962,252962]
[767,194,643028,643413]
[768,57,374048,373793]
[769,23,156676,155676]
[770,277,325766,320766]
[771,176,169530,170530]
[772,52,260310,261310]
[773,22,530275,535275]
[774,272,339293,344293]
[775,42,137410,138410]
[776,214,153240,153880]
[777,209,557037,552037]
[778,128,671262,672262]
[779,151,277668,272668]
[780,21,593935,593435]
[781,197,209695,208695]
[782,250,469005,474005]
[783,144,445010,445510]
[784,9,235034,230034]
[785,51,368719,367444]
[786,106,653899,654899]
[787,35,475288,474942]
[788,188,665018,666418]
[789,78,73842,74842]
[790,174,253906,254406]
[791,175,498584,493584]
[792,149,48840,48340]
[793,90,34809,35309]
[794,272,657492,657992]
[795,240,530639,535639]
[796,187,101457,96457]
[797,61,490058,485058]
[798,249,596807,595807]
[799,21,207617,202617]
[800,19,309802,309302]
[801,251,363223,362723]
[802,181,310575,310075]
[803,258,645923,650923]
[804,38,259047,264047]
[805,279,320967,320467]
[806,65,481585,481516]
[807,99,389729,388729]
[808,68,430266,430736]
[809,142,629183,630183]
[810,10,334341,334841]
[811,53,538083,533083]
[812,118,225895,226395]
[813,273,135241,130241]
[814,13,693080,692080]
[815,144,499294,500067]
[816,217,651440,646440]
[817,106,607428,607535]
[818,63,162537,161537]
[819,228,237656,238333]
[820,246,45326,50326]
[821,252,728495,729193]
[822,80,690029,691074]
[823,229,134196,129196]
[824,207,518835,517835]
[825,144,433282,433504]
[826,126,419992,420992]
[827,61,586529,581529]
[828,161,265915,264915]
[829,38,630834,635834]
[830,8,212196,213196]
[831,267,453013,452013]
[832,38,133670,134819]
[833,176,417141,422141]
[834,208,674110,679110]
[835,262,582917,583917]
[836,108,448640,453640]
[837,41,300175,299175]
[838,202,564091,569091]
[839,240,640655,641155]
[840,248,298581,299581]
[841,107,19916,19600]
[842,206,553410,554410]
[843,103,416781,416281]
[844,183,364397,359397]
[845,165,388639,388044]
[846,166,539556,544556]
[847,158,261123,261623]
[848,203,64769,64269]
[849,140,171046,171546]
[850,93,579575,578953]
[851,118,48629,53629]
[852,4,833,1833]
[853,191,291059,290559]
[854,28,77377,78377]
[855,115,401995,396995]
[856,1,382781,382281]
[857,31,643904,643404]
[858,234,153403,153903]
[859,94,324449,324949]
[860,60,349133,349633]
[861,104,216465,217465]
[862,74,637208,637708]
[863,20,188967,189355]
[864,116,682913,687913]
[865,231,526138,525638]
[866,104,176925,177925]
[867,136,266059,267059]
[868,90,419462,424462]
[869,57,194642,189642]
[870,117,720499,715499]
[871,221,201470,200970]
[872,167,284408,283908]
[873,187,650100,649600]
[874,56,195454,196454]
[875,242,393957,394363]
[876,235,54699,53458]
[877,263,470615,465615]
[878,25,612334,611675]
[879,49,310998,305998]
[880,32,336925,337635]
[881,80,466189,466689]
[882,140,561519,562019]
[883,68,202703,203703]
[884,30,596660,597160]
[885,208,308748,309248]
[886,108,124625,125980]
[887,139,368941,368441]
[888,122,188522,189522]
[889,94,724103,725103]
[890,159,176390,175390]
[891,112,87309,92309]
[892,252,648829,653829]
[893,40,120538,121038]
[894,222,162929,163429]
[895,150,471677,472677]
[896,130,42032,42532]
[897,55,379954,378954]
[898,259,632704,632204]
[899,105,638183,637183]
[900,262,248092,249092]
[901,120,286366,286866]
[902,214,121734,121946]
[903,64,26314,26814]
[904,158,189243,190243]
[905,29,111650,106650]
[906,31,153682,148682]
[907,239,704860,704360]
[908,218,51301,51801]
[909,195,689484,688484]
[910,178,382306,387306]
[911,18,668673,673673]
[912,232,236137,241137]
[913,76,598290,598790]
[914,161,31306,29936]
[915,175,359733,359233]
[916,79,512915,507915]
[917,38,658006,663006]
[918,128,709307,714307]
[919,44,666797,667609]
[920,43,221849,221349]
[921,222,730146,730646]
[922,274,413724,414224]
[923,262,300340,301340]
[924,256,552923,553117]
[925,66,426327,427512]
[926,138,663345,663631]
[927,141,40487,40132]
[928,151,280175,278818]
[929,120,138947,139947]
[930,160,106251,106591]
[931,212,268343,268843]
[932,129,457680,456680]
[933,45,131720,131646]
[934,265,601190,596190]
[935,278,658010,658541]
[936,186,477812,478812]
[937,210,25636,26136]
[938,277,148758,148258]
[939,6,270032,271344]
[940,54,102583,102615]
[941,185,643239,641917]
[942,143,725162,720162]
[943,128,31089,32089]
[944,278,134829,135329]
[945,10,455425,460425]
[946,79,202687,197687]
[947,147,588523,587442]
[948,11,140126,139153]
[949,178,434828,435328]
[950,192,547071,552071]
[951,44,4823,5823]
[952,206,342952,347952]
[953,121,392373,391873]
[954,268,163557,168557]
[955,194,413053,414053]
[956,201,134915,133915]
[957,54,3036,3536]
[958,65,320244,318914]
[959,214,642260,647260]
[960,126,635061,635561]
[961,170,639885,644885]
[962,249,429067,428567]
[963,242,266170,266670]
[964,231,430894,429727]
[965,24,152262,157262]
[966,117,558405,557905]
[967,30,609816,610816]
[968,194,86253,86493]
[969,91,329318,324318]
[970,141,327492,326492]
[971,64,248512,253512]
[972,7,431994,431494]
[973,67,187669,186287]
[974,212,557354,557854]
[975,124,36937,37937]
[976,78,230551,231903]
[977,153,422911,421911]
[978,216,212805,213805]
[979,150,503632,508632]
[980,25,87609,82609]
[981,181,451277,450277]
[982,98,214289,214789]
[983,267,688157,687657]
[984,71,514517,514017]
[985,195,551954,550954]
[986,145,228236,227236]
[987,9,302839,297839]
[988,95,190815,190315]
[989,144,583834,584334]
[990,206,572851,573851]
[991,204,79386,79886]
[992,57,194871,194140]
[993,141,240180,239180]
[994,212,198928,199928]
[995,0,18888,23888]
[996,145,423523,422848]
[997,217,78258,73258]
[998,21,218508,213508]
[999,255,126896,126396]
[1000,258,475341,475841]
