["head":"wrap","lpos","status"]
[198,608844,1]
["io count"]
[1000]
["io":"id","wrap","startLpos","endLpos"]
[1,238,694797,695797]
[2,255,18325,13325]
[3,27,602452,602057]
[4,100,418722,419101]
[5,197,466441,465791]
[6,219,203442,202442]
[7,64,530326,531326]
[8,56,580211,581211]
[9,224,344585,345752]
[10,177,4892,3892]
[11,25,194023,193941]
[12,240,474474,475907]
[13,180,374159,379159]
[14,97,286680,285680]
[15,157,15379,14879]
[16,39,705819,700819]
[17,44,274360,274523]
[18,192,456470,456970]
[19,12,520448,520948]
[20,37,402239,401739]
[21,96,57121,57621]
[22,210,4528,5528]
[23,111,378867,378687]
[24,219,49243,44243]
[25,67,331855,330855]
[26,258,593523,594523]
[27,226,705408,705577]
[28,108,352373,353067]
[29,232,458918,459918]
[30,16,247078,252078]
[31,64,509712,511176]
[32,69,131598,130598]
[33,150,63972,68972]
[34,260,365673,366030]
[35,31,332860,327860]
[36,258,478998,479998]
[37,269,356613,355613]
[38,140,198405,199405]
[39,200,442937,443937]
[40,228,13595,14595]
[41,186,496500,496588]
[42,139,393133,388133]
[43,125,527609,522609]
[44,178,433671,434412]
[45,105,660757,659997]
[46,123,644244,643970]
[47,60,686008,687008]
[48,132,397951,402951]
[49,80,588271,589420]
[50,65,409297,408771]
[51,0,362307,363307]
[52,103,704397,704225]
[53,270,719469,719969]
[54,11,476700,471700]
[55,134,561401,562401]
[56,250,47911,48911]
[57,31,298868,297868]
[58,205,655630,650630]
[59,149,684639,684095]
[60,72,68322,68822]
[61,81,78351,77459]
[62,13,301046,296046]
[63,218,240234,245234]
[64,74,493136,493636]
[65,131,326762,325923]
[66,258,593960,594883]
[67,52,566701,567701]
[68,201,697527,696527]
[69,237,214903,213903]
[70,273,98587,93587]
[71,4,299949,300837]
[72,172,517431,517931]
[73,138,80592,81092]
[74,238,205153,206153]
[75,181,554850,554350]
[76,156,470421,471779]
[77,141,583495,582495]
[78,264,189172,194172]
[79,27,596199,595165]
[80,241,628577,623577]
[81,117,528708,523708]
[82,210,286526,287026]
[83,250,365757,370757]
[84,14,216640,217140]
[85,26,181248,181748]
[86,2,622058,622558]
[87,15,651283,650283]
[88,279,108797,108461]
[89,202,245428,246811]
[90,1,380133,379633]
[91,279,652181,651091]
[92,211,258881,257881]
[93,185,64303,63303]
[94,61,604800,599800]
[95,245,704000,699000]
[96,229,727365,726783]
[97,6,698890,699890]
[98,184,117252,117611]
[99,195,231813,231313]
[100,196,338762,339433]
[101,62,412226,412726]
[102,99,171852,171352]
[103,25,42977,37977]
[104,39,691981,686981]
[105,245,50094,49094]
[106,252,671033,671145]
[107,140,589327,594327]
[108,40,615833,616833]
[109,93,468701,467701]
[110,145,240167,239667]
[111,208,651893,652893]
[112,179,93251,92251]
[113,204,306953,308428]
[114,82,538547,539047]
[115,154,684212,684712]
[116,9,399117,394117]
[117,150,252450,252950]
[118,62,137289,142289]
[119,27,51273,50721]
[120,246,120756,121256]
[121,151,344343,343843]
[122,129,527046,526546]
[123,240,537671,538171]
[124,194,521948,522448]
[125,220,475166,476166]
[126,230,138289,138571]
[127,1,543634,538634]
[128,269,22818,21818]
[129,64,723517,724517]
[130,182,290003,295003]
[131,53,638846,633846]
[132,182,606122,611122]
[133,14,412799,417799]
[134,80,380477,381088]
[135,223,450306,448848]
[136,219,426611,421611]
[137,55,663708,663601]
[138,214,451095,451526]
[139,161,200010,199010]
[140,214,278587,278746]
[141,187,414531,413792]
[142,24,107998,108498]
[143,179,611313,610813]
[144,147,511312,510812]
[145,239,383153,378153]
[146,14,310760,311760]
[147,232,494986,495486]
[148,67,637657,636657]
[149,39,164141,163641]
[150,74,577836,578836]
[151,134,260634,261134]
[152,15,622215,621715]
[153,11,669812,668812]
[154,231,434764,433764]
[155,72,109017,109517]
[156,94,409929,410429]
[157,160,627325,632325]
[158,76,22734,23234]
[159,154,524872,525150]
[160,50,165223,166137]
[161,50,441795,442144]
[162,228,646239,647124]
[163,34,310615,311311]
[164,6,613375,614375]
[165,180,190742,191742]
[166,177,440818,439818]
[167,114,594558,595658]
[168,21,691037,690537]
[169,119,172980,171980]
[170,169,614276,613776]
[171,220,107664,108553]
[172,25,295244,294632]
[173,236,387343,387843]
[174,29,663135,662635]
[175,134,279989,284989]
[176,188,651071,652071]
[177,115,266761,261761]
[178,233,448053,447053]
[179,133,306854,301854]
[180,125,400303,395303]
[181,217,408996,403996]
[182,115,145358,144358]
[183,207,218123,213123]
[184,159,601156,600656]
[185,215,588569,587401]
[186,247,729262,727890]
[187,31,363051,362845]
[188,199,603780,602691]
[189,38,471052,471552]
[190,128,320778,325778]
[191,243,465559,465137]
[192,142,610497,615497]
[193,66,230603,231603]
[194,125,307894,307422]
[195,40,335746,336979]
[196,104,149054,154054]
[197,23,198475,197475]
[198,32,270666,271666]
[199,224,653014,654014]
[200,58,608977,609477]
[201,241,200511,195511]
[202,111,83949,82949]
[203,24,578095,583095]
[204,85,234825,234588]
[205,117,676920,675920]
[206,221,94744,93980]
[207,256,438660,439160]
[208,186,567239,568239]
[209,244,462326,462971]
[210,171,375567,375067]
[211,225,198200,193200]
[212,90,418660,419660]
[213,209,398645,397273]
[214,227,189070,184070]
[215,40,344457,349457]
[216,195,670227,665227]
[217,103,303920,303420]
[218,8,261273,261773]
[219,266,697710,698710]
[220,157,346783,341783]
[221,255,712207,711707]
[222,65,577098,576098]
[223,146,419101,419601]
[224,30,721760,722760]
[225,172,6694,11694]
[226,143,249985,249485]
[227,217,381666,376666]
[228,70,516816,517816]
[229,166,388299,388659]
[230,66,421595,426595]
[231,41,584032,579032]
[232,259,425283,424136]
[233,40,357917,358417]
[234,0,382720,383220]
[235,1,199057,197711]
[236,215,560506,560161]
[237,95,149133,144133]
[238,133,533432,532432]
[239,125,153277,152777]
[240,119,312905,311932]
[241,133,332485,331985]
[242,131,621453,620953]
[243,31,170194,169694]
[244,103,457312,456123]
[245,243,267888,267388]
[246,50,66145,67133]
[247,193,412524,407524]
[248,95,472527,471734]
[249,1,657090,652090]
[250,175,523145,522645]
[251,83,356310,355310]
[252,7,730699,729723]
[253,165,79412,78186]
[254,278,716268,716768]
[255,200,51419,52887]
[256,255,194025,192933]
[257,89,587800,586800]
[258,243,508396,507896]
[259,10,476272,476772]
[260,93,278312,277312]
[261,101,453766,452766]
[262,149,406681,405563]
[263,105,5141,141]
[264,245,581680,581180]
[265,8,640442,641597]
[266,101,248363,247363]
[267,184,701654,702154]
[268,32,386370,391370]
[269,188,364490,365199]
[270,220,517102,517201]
[271,237,469398,468898]
[272,206,320841,325841]
[273,4,227178,227678]
[274,16,473194,478194]
[275,3,358373,357873]
[276,212,176226,176726]
[277,19,83758,83258]
[278,153,385158,384158]
[279,80,59324,59824]
[280,20,576426,576907]
[281,118,247499,248499]
[282,196,14070,14452]
[283,110,175259,176259]
[284,72,435640,436140]
[285,249,676388,675388]
[286,44,549488,549988]
[287,130,212388,213388]
[288,87,494809,493809]
[289,31,386799,385799]
[290,39,169400,164400]
[291,29,412399,411899]
[292,225,604071,602693]
[293,215,560370,559283]
[294,209,142653,141653]
[295,259,302624,301624]
[296,165,69031,67922]
[297,106,653306,654525]
[298,165,187998,186998]
[299,77,528399,528123]
[300,62,593471,593971]
[301,168,423225,428225]
[302,255,429238,428238]
[303,263,138397,137897]
[304,264,699668,700668]
[305,29,349939,348939]
[306,204,387322,387423]
[307,197,205891,205391]
[308,168,63396,64396]
[309,153,451119,450619]
[310,215,313597,313097]
[311,255,187052,182052]
[312,231,611246,610290]
[313,255,382239,377239]
[314,169,368412,367142]
[315,226,81443,86443]
[316,177,198914,198414]
[317,256,350171,350671]
[318,120,117072,118072]
[319,76,589100,589600]
[320,215,694120,693620]
[321,249,727875,727416]
[322,129,33783,33283]
[323,165,680015,679015]
[324,9,12530,11530]
[325,107,93778,92973]
[326,180,201213,202213]
[327,255,359745,354745]
[328,95,131656,126656]
[329,88,432871,433871]
[330,156,623123,628123]
[331,91,691356,690266]
[332,233,484081,483081]
[333,160,580342,580850]
[334,213,444292,443138]
[335,99,690415,689915]
[336,233,223183,222934]
[337,278,431318,432318]
[338,86,309919,314919]
[339,114,378772,379272]
[340,205,515726,514768]
[341,59,227341,226660]
[342,110,621192,622192]
[343,43,333837,333337]
[344,47,346794,346294]
[345,223,71627,66627]
[346,279,426782,426282]
[347,227,419021,414021]
[348,168,440243,441243]
[349,26,189681,194681]
[350,132,664254,664754]
[351,63,337144,336644]
[352,154,35106,40106]
[353,47,369372,368431]
[354,105,682966,681546]
[355,149,24054,23070]
[356,114,149040,149893]
[357,58,189187,194187]
[358,236,555592,556092]
[359,240,665577,666577]
[360,175,272227,271227]
[361,201,307172,306334]
[362,233,606437,605937]
[363,210,2219,2392]
[364,132,303037,308037]
[365,258,400332,401332]
[366,82,483247,484128]
[367,87,108097,107930]
[368,268,690344,690844]
[369,164,407302,408302]
[370,85,714636,713636]
[371,206,103137,103637]
[372,246,497368,498757]
[373,145,540950,540747]
[374,230,170853,171353]
[375,32,99830,100330]
[376,125,34333,33833]
[377,252,5606,6106]
[378,253,488383,487883]
[379,159,512936,507936]
[380,113,244905,244405]
[381,172,586811,591811]
[382,34,377166,377655]
[383,188,85228,85326]
[384,185,306227,301227]
[385,145,519459,519295]
[386,171,201247,201145]
[387,264,505688,506188]
[388,143,464354,459354]
[389,128,703760,708760]
[390,21,5807,5307]
[391,55,382974,382474]
[392,107,20124,15124]
[393,122,450560,451060]
[394,241,62052,61052]
[395,233,136211,131211]
[396,276,509080,510080]
[397,80,599741,600420]
[398,244,71427,72472]
[399,97,63930,58930]
[400,243,518186,517186]
[401,45,5386,4886]
[402,187,490533,485533]
[403,59,491767,491267]
[404,125,299642,298642]
[405,230,672486,673486]
[406,194,333141,338141]
[407,15,677490,676208]
[408,2,633128,634128]
[409,99,692232,692058]
[410,271,48299,47306]
[411,193,416042,411042]
[412,231,200352,200161]
[413,94,650040,650540]
[414,196,37262,42262]
[415,263,370904,370404]
[416,150,315618,315650]
[417,146,523663,524441]
[418,150,40052,40552]
[419,13,264583,264083]
[420,206,227582,232582]
[421,133,714387,713887]
[422,196,60313,65313]
[423,130,47443,47626]
[424,153,527068,526068]
[425,85,275816,274816]
[426,8,638999,639499]
[427,206,19444,24444]
[428,228,236221,241221]
[429,241,505304,500304]
[430,167,174616,173616]
[431,172,156509,157509]
[432,89,218261,216822]
[433,238,8960,9460]
[434,263,712752,711752]
[435,69,256674,255575]
[436,56,500249,501043]
[437,201,441136,439945]
[438,216,718727,723727]
[439,104,161349,162635]
[440,223,704472,703472]
[441,57,131173,130173]
[442,15,140134,139134]
[443,279,297566,296616]
[444,35,700456,699456]
[445,91,469711,468711]
[446,98,267028,267528]
[447,261,221293,220293]
[448,145,218515,217515]
[449,64,406118,407118]
[450,7,379543,378596]
[451,278,228678,229178]
[452,192,13457,13683]
[453,192,47997,52997]
[454,210,89733,90733]
[455,23,723419,722640]
[456,174,171885,172420]
[457,222,82922,83422]
[458,158,489041,494041]
[459,38,313367,314367]
[460,255,92143,91143]
[461,207,189777,184777]
[462,183,22064,20758]
[463,58,394223,395218]
[464,221,550711,549839]
[465,232,8430,9430]
[466,259,504,4]
[467,92,326064,327064]
[468,30,220028,220528]
[469,31,575025,570025]
[470,272,335469,336755]
[471,220,87293,88293]
[472,38,496223,497595]
[473,229,136988,135808]
[474,66,645241,645741]
[475,12,684297,689297]
[476,92,347207,352207]
[477,137,75719,74719]
[478,17,92774,87774]
[479,35,616373,615050]
[480,14,382527,387527]
[481,68,144932,145432]
[482,39,643254,642254]
[483,255,51703,50703]
[484,193,696945,695945]
[485,205,649377,649248]
[486,141,391375,386375]
[487,194,392740,393240]
[488,150,238137,239035]
[489,48,319626,320126]
[490,152,194593,195093]
[491,166,11513,12925]
[492,142,557150,558150]
[493,151,586658,586158]
[494,104,358943,363943]
[495,171,526581,526523]
[496,253,618712,618081]
[497,27,1394,394]
[498,125,42130,41850]
[499,140,559500,564500]
[500,178,571013,576013]
[501,20,392285,392785]
[502,98,583694,584194]
[503,82,75336,80336]
[504,33,521465,520465]
[505,276,620976,625976]
[506,154,383233,383733]
[507,181,561351,560351]
[508,179,48431,47931]
[509,9,691490,690490]
[510,171,67430,62430]
[511,17,272995,267995]
[512,210,450169,450669]
[513,126,373081,373689]
[514,114,447064,448064]
[515,111,514270,513770]
[516,265,166509,166009]
[517,38,172090,173090]
[518,217,221022,220022]
[519,98,356242,361242]
[520,142,418672,419672]
[521,159,687638,686667]
[522,268,492713,493213]
[523,70,419312,419812]
[524,184,312107,317107]
[525,15,99883,94883]
[526,0,437617,442617]
[527,39,609935,609707]
[528,171,438875,438254]
[529,219,602541,602041]
[530,236,68404,69404]
[531,55,37842,32842]
[532,186,343242,343742]
[533,253,451844,451344]
[534,176,712958,713458]
[535,221,588548,588048]
[536,254,511894,512798]
[537,55,682718,681458]
[538,183,514433,514107]
[539,219,409649,409149]
[540,132,220282,225282]
[541,34,700852,701352]
[542,6,138747,139792]
[543,81,324550,324077]
[544,98,354489,355489]
[545,138,692111,693111]
[546,194,642575,643575]
[547,94,418630,419130]
[548,85,67054,65732]
[549,242,451439,456439]
[550,205,382244,377244]
[551,233,454006,453506]
[552,212,128873,129873]
[553,200,152870,153370]
[554,18,684084,689084]
[555,28,645201,645453]
[556,112,255454,255954]
[557,202,604400,605400]
[558,156,324845,325845]
[559,270,222015,222112]
[560,73,14120,13120]
[561,265,691154,690154]
[562,213,702667,701667]
[563,239,69479,69270]
[564,202,351686,356686]
[565,45,581670,576670]
[566,162,433001,433501]
[567,54,605874,606374]
[568,94,42452,43245]
[569,225,624766,619766]
[570,171,698832,697343]
[571,25,387740,386740]
[572,50,58440,59440]
[573,246,414223,415213]
[574,276,45016,45516]
[575,38,680170,680483]
[576,197,336919,336108]
[577,106,704872,705372]
[578,51,44375,39375]
[579,223,6724,5724]
[580,84,165567,170567]
[581,149,232904,227904]
[582,138,436314,437805]
[583,204,139079,144079]
[584,24,340704,341204]
[585,48,127433,128433]
[586,36,339588,340088]
[587,142,490191,490691]
[588,65,711290,706290]
[589,8,712014,712514]
[590,245,328312,323312]
[591,266,551216,551716]
[592,277,256834,256536]
[593,148,492357,492857]
[594,172,102067,103067]
[595,92,229500,234500]
[596,128,14818,16098]
[597,197,631539,631039]
[598,29,124038,123538]
[599,66,51032,52032]
[600,228,69268,69768]
[601,158,236686,237686]
[602,230,589963,590581]
[603,138,58344,63344]
[604,143,720898,720109]
[605,211,358477,357977]
[606,218,456442,457442]
[607,62,80756,81532]
[608,90,103997,108997]
[609,144,511089,516089]
[610,56,184133,189133]
[611,93,668983,667983]
[612,200,565245,565745]
[613,256,169561,170782]
[614,20,632531,633531]
[615,256,221703,222997]
[616,210,426001,426501]
[617,145,492601,487601]
[618,18,45963,50963]
[619,271,586311,581311]
[620,122,68081,69446]
[621,217,177394,172394]
[622,261,40144,39644]
[623,168,72734,73234]
[624,205,699881,699381]
[625,230,633050,638050]
[626,161,333058,328058]
[627,178,84665,85665]
[628,197,308411,307353]
[629,90,180,636]
[630,129,342743,342004]
[631,257,193350,188350]
[632,193,711362,710862]
[633,149,581968,580642]
[634,4,141337,141837]
[635,37,647275,646119]
[636,23,443604,442604]
[637,108,299787,300787]
[638,70,476691,477191]
[639,88,286089,286162]
[640,256,466884,467036]
[641,269,631886,626886]
[642,10,653258,654258]
[643,116,40118,40879]
[644,180,478408,478908]
[645,116,654923,655423]
[646,121,585787,584521]
[647,122,711535,712475]
[648,156,629982,634982]
[649,132,365872,366872]
[650,255,138075,137075]
[651,241,677434,677147]
[652,166,438586,443586]
[653,267,253834,248834]
[654,51,553582,548582]
[655,95,433845,432845]
[656,38,124549,125856]
[657,4,176922,177326]
[658,256,585390,585890]
[659,233,301492,300677]
[660,56,173295,178295]
[661,255,539147,538647]
[662,57,130734,125734]
[663,164,313813,314313]
[664,62,613672,613981]
[665,22,611343,611693]
[666,185,573571,572571]
[667,12,506063,507063]
[668,144,112148,112648]
[669,36,194437,195437]
[670,257,121424,120924]
[671,236,485996,490996]
[672,202,545633,550633]
[673,91,600081,599581]
[674,75,355718,355381]
[675,28,374468,375831]
[676,119,215755,214755]
[677,204,144936,149936]
[678,91,380795,375795]
[679,272,628558,629770]
[680,124,527147,528147]
[681,118,380787,381287]
[682,148,548240,549350]
[683,195,365360,364860]
[684,164,223044,228044]
[685,244,341054,346054]
[686,269,271359,266359]
[687,231,90027,89027]
[688,202,590469,595469]
[689,262,281170,286170]
[690,259,255096,254047]
[691,24,255233,260233]
[692,144,264713,269713]
[693,211,634573,629573]
[694,96,298348,299348]
[695,60,639402,639913]
[696,169,492243,491743]
[697,37,117943,117777]
[698,261,331786,331637]
[699,188,280942,281130]
[700,267,705748,705248]
[701,131,243967,238967]
[702,215,315271,314271]
[703,31,617619,612619]
[704,243,698751,697751]
[705,36,494972,499972]
[706,188,204497,205497]
[707,135,686216,681216]
[708,217,713111,708111]
[709,125,435783,434783]
[710,155,66481,65296]
[711,80,348031,353031]
[712,15,662880,662302]
[713,163,110201,109201]
[714,62,92554,93554]
[715,130,567650,568650]
[716,236,606254,607254]
[717,140,132098,137098]
[718,267,548564,547886]
[719,91,660311,659311]
[720,163,561288,560288]
[721,160,21432,21932]
[722,152,7713,12713]
[723,187,118185,116914]
[724,222,391062,392187]
[725,141,261807,260807]
[726,278,489367,490367]
[727,72,140774,141274]
[728,144,403689,405152]
[729,204,59566,60566]
[730,181,296638,291638]
[731,173,78472,77472]
[732,83,588957,583957]
[733,26,669310,669810]
[734,190,97510,97801]
[735,33,300234,295234]
[736,125,707166,702166]
[737,203,199996,194996]
[738,102,370521,371521]
[739,178,430088,430127]
[740,158,214211,214711]
[741,89,416972,416374]
[742,4,692133,693133]
[743,169,59475,58507]
[744,91,292214,291214]
[745,13,31750,30359]
[746,225,63895,58895]
[747,199,606700,606140]
[748,62,623000,624000]
[749,221,111217,106217]
[750,182,699316,700316]
[751,132,149504,150485]
[752,227,52210,51710]
[753,256,712101,713101]
[754,9,513256,508256]
[755,72,299744,301193]
[756,192,230347,231612]
[757,217,80082,75082]
[758,138,170227,171227]
[759,56,510301,511073]
[760,241,667990,666990]
[761,155,595406,594407]
[762,125,475125,474625]
[763,134,251887,252135]
[764,193,72005,71718]
[765,105,371769,370769]
[766,194,622575,623160]
[767,132,226944,227944]
[768,241,13890,13436]
[769,254,362450,363450]
[770,123,125974,124974]
[771,121,600599,599599]
[772,255,120992,120492]
[773,54,117854,118117]
[774,95,158760,158260]
[775,200,590707,591707]
[776,19,554924,553924]
[777,80,379411,384411]
[778,4,476779,477779]
[779,130,108235,113235]
[780,125,411049,409933]
[781,66,5655,10655]
[782,119,521625,521125]
[783,237,378320,377320]
[784,204,712305,717305]
[785,125,17782,17748]
[786,140,151025,151525]
[787,61,514689,514189]
[788,170,3926,8926]
[789,40,171207,171707]
[790,97,55098,50098]
[791,164,232477,232977]
[792,155,199833,199333]
[793,264,576653,581653]
[794,188,3694,4194]
[795,33,21732,21442]
[796,106,407954,412954]
[797,40,191150,191810]
[798,180,416163,421163]
[799,255,394355,393855]
[800,206,719790,720290]
[801,53,334030,332912]
[802,241,409873,409373]
[803,127,254769,249769]
[804,31,699711,698711]
[805,86,555005,556212]
[806,149,60895,60853]
[807,222,177139,182139]
[808,64,165877,166401]
[809,205,321545,321045]
[810,258,99688,100015]
[811,269,295132,294132]
[812,116,543902,544359]
[813,203,391140,390140]
[814,54,15336,15836]
[815,75,253381,252913]
[816,141,374415,369415]
[817,78,712016,713016]
[818,82,362459,363459]
[819,215,461939,460939]
[820,46,652520,657520]
[821,145,56867,51867]
[822,139,302387,301387]
[823,214,137257,142257]
[824,268,329317,330752]
[825,131,108154,107840]
[826,205,39613,34613]
[827,127,647233,646233]
[828,102,293634,294134]
[829,208,217447,222447]
[830,50,2957,2995]
[831,53,660846,659846]
[832,202,405824,406324]
[833,176,109886,110386]
[834,127,79576,78424]
[835,243,200726,199627]
[836,222,693209,693709]
[837,271,405905,405405]
[838,103,25271,24271]
[839,5,472882,472382]
[840,53,242366,241366]
[841,263,488677,488461]
[842,67,426565,426065]
[843,199,654769,654269]
[844,54,612767,613267]
[845,206,670974,671974]
[846,148,633189,634189]
[847,11,485325,484325]
[848,266,685320,690320]
[849,271,431708,426708]
[850,196,113804,114714]
[851,151,214772,214272]
[852,219,640837,640337]
[853,10,9342,10342]
[854,65,68839,67839]
[855,271,12820,7820]
[856,11,641971,641009]
[857,274,479618,480118]
[858,149,400563,399218]
[859,188,125724,126224]
[860,147,550563,550410]
[861,148,371898,376898]
[862,156,485387,485992]
[863,250,138828,143828]
[864,113,147148,146648]
[865,124,233388,234136]
[866,110,286393,291393]
[867,131,132341,131341]
[868,187,724619,723619]
[869,119,132478,131478]
[870,74,107057,108057]
[871,97,727974,722974]
[872,2,62969,63251]
[873,39,320366,319366]
[874,78,203338,204338]
[875,194,10114,10530]
[876,229,65915,65415]
[877,147,11550,11058]
[878,84,409416,410416]
[879,65,265278,260278]
[880,67,488039,483039]
[881,97,83647,82647]
[882,212,592987,593987]
[883,98,557084,557915]
[884,5,135527,135031]
[885,177,691164,690164]
[886,77,564243,563743]
[887,36,606672,607172]
[888,138,226809,227809]
[889,163,685497,684997]
[890,156,580896,581896]
[891,152,162217,167217]
[892,119,676830,676330]
[893,44,607073,608073]
[894,49,11610,11110]
[895,178,223066,224066]
[896,175,203577,203077]
[897,115,193232,192732]
[898,139,592802,591802]
[899,229,521157,520157]
[900,129,555271,554006]
[901,266,581520,582520]
[902,257,704581,703581]
[903,21,580473,579660]
[904,143,405539,404539]
[905,221,378304,377804]
[906,248,537267,537767]
[907,32,572407,572672]
[908,171,578578,578078]
[909,256,725814,730814]
[910,95,551877,551377]
[911,41,675698,670698]
[912,256,179539,180978]
[913,102,57976,62976]
[914,66,286369,286733]
[915,12,213197,214515]
[916,176,622469,623202]
[917,192,436510,436790]
[918,114,485008,485233]
[919,130,284360,285360]
[920,272,444449,444949]
[921,28,276480,277088]
[922,198,252655,257655]
[923,245,324719,319719]
[924,108,369781,374781]
[925,156,261256,262256]
[926,31,610542,609542]
[927,99,345423,345328]
[928,19,34017,33010]
[929,247,215158,214658]
[930,152,437746,438246]
[931,31,169540,164540]
[932,256,177704,178759]
[933,30,86632,91632]
[934,236,308876,313876]
[935,66,253070,258070]
[936,43,205463,200463]
[937,159,633864,632864]
[938,49,510601,509601]
[939,17,725259,724259]
[940,41,612735,607735]
[941,72,218006,218506]
[942,200,395710,396210]
[943,175,450647,450147]
[944,62,314701,315201]
[945,8,578799,579299]
[946,231,394182,393687]
[947,110,83279,83818]
[948,243,82926,82426]
[949,2,678493,679493]
[950,2,328233,329233]
[951,120,614548,615548]
[952,230,702008,703008]
[953,243,322353,321830]
[954,68,108475,108975]
[955,189,566894,565682]
[956,232,32461,32961]
[957,135,584108,583345]
[958,237,390427,389927]
[959,199,652493,651993]
[960,232,224347,224847]
[961,186,369136,369636]
[962,59,233577,233077]
[963,274,34174,34674]
[964,89,415071,414071]
[965,136,633384,638384]
[966,240,665846,670846]
[967,247,695921,694921]
[968,70,574232,579232]
[969,170,503769,508769]
[970,202,179490,180490]
[971,274,258946,260250]
[972,47,61207,56207]
[973,193,90413,90381]
[974,158,17398,22398]
[975,17,657430,652430]
[976,57,145914,144914]
[977,6,172173,172897]
[978,4,708428,713428]
[979,42,220340,220840]
[980,51,666139,665639]
[981,263,177185,175803]
[982,156,380594,381917]
[983,98,277342,277983]
[984,67,269464,268738]
[985,218,349959,354959]
[986,164,25778,30778]
[987,40,179936,180436]
[988,234,400277,400777]
[989,5,335422,334922]
[990,140,687449,687921]
[991,155,224641,224141]
[992,118,503162,508162]
[993,154,704499,705499]
[994,228,581108,582108]
[995,166,376797,377589]
[996,0,726149,730993]
[997,18,39596,40096]
[998,9,166064,161064]
[999,271,69237,64237]
[1000,119,462580,462054]
