["head":"wrap","lpos","status"]
[162,92745,1]
["io count"]
[1000]
["io":"id","wrap","startLpos","endLpos"]
[1,196,449971,450796]
[2,194,556665,557665]
[3,35,191287,190287]
[4,30,32190,33190]
[5,91,294489,294186]
[6,103,32533,32033]
[7,49,242419,241204]
[8,35,430867,425867]
[9,182,557793,558793]
[10,39,643611,638611]
[11,50,138664,139164]
[12,9,44468,43102]
[13,57,639485,634485]
[14,82,333401,334401]
[15,125,626682,626182]
[16,178,525758,526758]
[17,95,490071,489571]
[18,2,361169,361675]
[19,230,31078,31552]
[20,155,212045,211545]
[21,255,389280,388780]
[22,263,203033,202033]
[23,20,47475,47934]
[24,224,687217,687717]
[25,160,399095,404095]
[26,145,706126,705626]
[27,138,133725,134702]
[28,181,346235,345235]
[29,149,63775,63275]
[30,38,96704,97204]
[31,217,173818,173234]
[32,254,713705,714705]
[33,105,536101,531101]
[34,82,420409,425409]
[35,238,104481,104981]
[36,80,454849,459849]
[37,77,436743,435392]
[38,248,493712,494212]
[39,11,196621,191621]
[40,247,379405,378841]
[41,48,538965,543965]
[42,107,364963,363987]
[43,221,173132,172132]
[44,199,623838,622838]
[45,43,317682,317182]
[46,25,146668,145252]
[47,197,286609,285609]
[48,69,25972,20972]
[49,259,407879,407310]
[50,2,188165,188665]
[51,20,317440,318255]
[52,167,234380,233380]
[53,8,233452,234452]
[54,73,133263,128263]
[55,182,357781,358281]
[56,41,621471,620471]
[57,20,645880,650880]
[58,10,131916,132916]
[59,248,173517,174017]
[60,122,538406,539406]
[61,14,124853,125353]
[62,30,548400,549400]
[63,123,214198,213198]
[64,101,509494,508994]
[65,219,606372,605372]
[66,123,206939,206731]
[67,261,713887,708887]
[68,143,287878,286534]
[69,253,328978,323978]
[70,172,241633,242633]
[71,221,571082,570825]
[72,106,323678,324678]
[73,231,179791,179007]
[74,58,605471,606471]
[75,53,258432,257932]
[76,21,710079,705079]
[77,183,506397,505897]
[78,111,245419,244419]
[79,215,510981,509981]
[80,60,631790,636790]
[81,69,414289,413021]
[82,146,247251,247488]
[83,232,37975,38475]
[84,144,117143,118143]
[85,16,612765,613517]
[86,171,477331,476662]
[87,53,727616,726616]
[88,268,682327,687327]
[89,200,583124,584124]
[90,142,441875,442375]
[91,62,70035,71035]
[92,213,613197,608197]
[93,209,84765,79765]
[94,38,669424,674424]
[95,111,703049,702549]
[96,155,625906,624942]
[97,211,303409,302187]
[98,263,454372,453872]
[99,119,40691,35691]
[100,102,373655,374155]
[101,104,227877,232877]
[102,115,507645,506173]
[103,1,164865,159865]
[104,119,572724,567724]
[105,4,599877,600377]
[106,59,84693,84558]
[107,129,703263,698263]
[108,187,708826,707826]
[109,126,560124,560298]
[110,175,118110,117121]
[111,74,730596,730993]
[112,116,528353,529353]
[113,231,729448,728448]
[114,1,577188,576188]
[115,81,730993,730494]
[116,169,384866,384366]
[117,211,526336,525836]
[118,92,148726,153726]
[119,75,322996,321996]
[120,35,551419,546419]
[121,261,727745,722745]
[122,98,520104,520265]
[123,27,235335,230335]
[124,101,666507,665822]
[125,161,508165,507665]
[126,141,531192,530771]
[127,107,616707,616207]
[128,258,434629,435129]
[129,23,547396,546896]
[130,270,162509,163509]
[131,88,386171,391171]
[132,8,622302,623302]
[133,5,51056,46056]
[134,59,125339,120339]
[135,220,73735,78735]
[136,233,609506,604506]
[137,7,228498,227498]
[138,227,587776,587276]
[139,267,171011,166011]
[140,155,459205,454205]
[141,225,585471,583976]
[142,170,84444,84944]
[143,175,135500,130500]
[144,234,250840,251340]
[145,46,324575,325526]
[146,67,386109,381109]
[147,125,153578,152578]
[148,161,359677,358677]
[149,93,381177,380677]
[150,14,10917,11917]
[151,24,27329,27829]
[152,194,288497,288997]
[153,241,420074,418997]
[154,209,85735,84735]
[155,198,202042,203042]
[156,266,28881,30084]
[157,202,609923,610923]
[158,65,368792,363792]
[159,70,530828,531328]
[160,202,159382,160382]
[161,29,103758,103170]
[162,249,278203,277203]
[163,168,106588,107721]
[164,254,5185,10185]
[165,263,443593,442593]
[166,174,197047,197992]
[167,80,463434,464434]
[168,38,98985,99485]
[169,34,476447,476947]
[170,55,327468,326968]
[171,271,643710,642710]
[172,192,646455,647455]
[173,180,34774,35774]
[174,154,216684,217213]
[175,77,13836,13336]
[176,12,667628,668660]
[177,20,587441,592441]
[178,127,543219,542219]
[179,28,656379,656879]
[180,238,319439,320335]
[181,255,24207,23707]
[182,256,680930,681430]
[183,241,189012,184012]
[184,228,712314,712814]
[185,113,245620,245120]
[186,97,124347,123347]
[187,117,711985,710788]
[188,9,596472,595472]
[189,6,148563,149063]
[190,20,529354,534354]
[191,275,558062,553062]
[192,123,681027,679722]
[193,190,299739,300739]
[194,146,299765,304765]
[195,158,601846,602796]
[196,147,190989,185989]
[197,62,523914,524414]
[198,167,380351,375351]
[199,84,597441,602441]
[200,260,194182,195182]
[201,176,543022,544022]
[202,12,393473,398473]
[203,75,138984,138943]
[204,174,407244,407744]
[205,152,376815,381815]
[206,171,563304,562804]
[207,106,532448,532948]
[208,273,177485,176806]
[209,263,370037,369037]
[210,201,42891,37891]
[211,50,695718,700718]
[212,205,299686,298686]
[213,70,729431,729636]
[214,199,152159,151159]
[215,217,328231,327231]
[216,59,34815,33809]
[217,22,643780,644280]
[218,221,200365,199897]
[219,186,294889,295889]
[220,36,697801,698801]
[221,179,33604,32198]
[222,19,118401,118235]
[223,84,341926,342926]
[224,21,674157,669157]
[225,81,703967,702967]
[226,77,296053,295053]
[227,121,127058,122058]
[228,148,671548,672548]
[229,97,352212,351212]
[230,120,172323,172823]
[231,69,293121,292121]
[232,88,410356,410856]
[233,224,380002,380253]
[234,256,641338,641838]
[235,57,60041,59041]
[236,134,354094,354671]
[237,18,437597,438740]
[238,234,279709,280709]
[239,72,178191,183191]
[240,240,108872,109089]
[241,114,710903,715903]
[242,210,359912,360912]
[243,152,383518,384244]
[244,97,296365,295365]
[245,103,649959,649459]
[246,230,571342,576342]
[247,97,434279,433779]
[248,214,647428,647928]
[249,172,479130,480130]
[250,198,602954,607954]
[251,185,583363,582863]
[252,115,389505,388505]
[253,139,218753,217753]
[254,7,505742,505242]
[255,193,616283,615283]
[256,205,329031,328031]
[257,219,192991,187991]
[258,60,327659,328159]
[259,252,645519,646519]
[260,277,518982,517982]
[261,140,465709,470709]
[262,168,402852,403352]
[263,130,388836,389836]
[264,127,711643,711143]
[265,103,18252,17252]
[266,120,296182,297182]
[267,70,700265,705265]
[268,96,698643,699643]
[269,161,30504,29504]
[270,86,153627,153990]
[271,109,412972,411972]
[272,278,260554,261554]
[273,128,649390,650317]
[274,36,127727,132727]
[275,214,460610,465610]
[276,190,567255,567755]
[277,106,130897,131897]
[278,233,27199,22199]
[279,53,5250,4750]
[280,23,683009,682007]
[281,119,231868,226868]
[282,191,144374,139374]
[283,242,549501,550501]
[284,278,122958,124040]
[285,244,72230,72526]
[286,82,147047,148047]
[287,215,276850,271850]
[288,101,249934,249434]
[289,73,4099,3099]
[290,52,442781,443281]
[291,273,469632,469132]
[292,19,453390,448390]
[293,160,54906,55406]
[294,144,582759,583259]
[295,260,654989,655965]
[296,246,323932,324432]
[297,53,600783,595783]
[298,155,292337,290947]
[299,134,88760,89760]
[300,13,407067,402067]
[301,175,54649,53649]
[302,60,600615,601615]
[303,74,656247,657247]
[304,191,490791,489791]
[305,227,667177,666677]
[306,65,260115,259615]
[307,118,301128,306128]
[308,145,38805,37805]
[309,118,331851,336851]
[310,143,692234,691133]
[311,204,170856,175856]
[312,264,40477,40507]
[313,96,347204,348204]
[314,161,523359,522859]
[315,217,40378,39878]
[316,57,186572,181572]
[317,68,506648,507148]
[318,265,342939,342324]
[319,147,354928,349928]
[320,180,29941,34941]
[321,250,255763,256763]
[322,261,151433,150486]
[323,38,74609,79609]
[324,259,643037,642537]
[325,137,185817,184817]
[326,5,29226,28226]
[327,171,641409,640434]
[328,87,245792,240792]
[329,140,237087,242087]
[330,117,404737,404237]
[331,230,611865,612865]
[332,146,230952,235952]
[333,184,305561,306561]
[334,163,394829,393829]
[335,172,578646,583646]
[336,178,606872,607372]
[337,69,693463,693036]
[338,4,220209,220605]
[339,190,428144,429144]
[340,198,581168,581943]
[341,108,260022,260726]
[342,158,347103,348027]
[343,260,221106,226106]
[344,56,725503,726003]
[345,189,348215,343215]
[346,105,500125,499356]
[347,135,499506,498506]
[348,198,195656,200656]
[349,116,222555,227555]
[350,243,573341,572841]
[351,258,182193,187193]
[352,43,668133,667633]
[353,23,334941,334469]
[354,276,390053,391053]
[355,279,417923,412923]
[356,233,289508,289008]
[357,241,234245,233245]
[358,159,606125,605625]
[359,275,278910,273910]
[360,110,115757,120757]
[361,88,474675,475175]
[362,4,588038,589038]
[363,179,368737,368237]
[364,131,143750,142946]
[365,41,374232,372737]
[366,25,370805,370305]
[367,88,286440,286986]
[368,256,412484,417484]
[369,58,539878,540378]
[370,224,718264,719383]
[371,56,382469,387469]
[372,108,19712,24712]
[373,111,340382,339382]
[374,256,45982,50982]
[375,87,723809,723309]
[376,18,721223,721723]
[377,174,461494,461994]
[378,23,320029,319708]
[379,244,179213,184213]
[380,16,150368,151743]
[381,57,187357,186357]
[382,181,645395,644895]
[383,68,332252,332752]
[384,124,392347,393544]
[385,119,378149,373149]
[386,239,326546,326046]
[387,176,697083,697583]
[388,95,655250,654750]
[389,278,126338,126838]
[390,256,154911,155911]
[391,185,522992,517992]
[392,238,431893,432579]
[393,2,253241,258241]
[394,113,406665,405665]
[395,104,47820,47913]
[396,16,613887,614412]
[397,211,295880,295380]
[398,143,383648,378648]
[399,92,435560,436060]
[400,137,652763,647763]
[401,260,127252,127752]
[402,267,126126,121126]
[403,6,121099,122176]
[404,186,521013,526013]
[405,206,558378,563378]
[406,41,577158,572158]
[407,125,318268,313268]
[408,268,691917,692417]
[409,232,573207,573707]
[410,242,489977,490229]
[411,247,690815,689815]
[412,213,1305,735]
[413,144,673439,674439]
[414,87,419984,419347]
[415,257,167461,167138]
[416,201,393610,392610]
[417,62,530257,535257]
[418,14,372470,377470]
[419,256,308177,309177]
[420,198,371136,371636]
[421,279,556222,555222]
[422,239,307136,306136]
[423,196,730805,730993]
[424,155,359268,354268]
[425,132,698131,699131]
[426,76,398872,399872]
[427,73,257574,252574]
[428,251,206985,205985]
[429,106,413679,418679]
[430,279,517906,517870]
[431,65,700759,699759]
[432,24,274901,275303]
[433,159,57368,56851]
[434,121,69172,68672]
[435,155,474392,473472]
[436,121,315884,315749]
[437,122,64894,65742]
[438,26,629934,630434]
[439,181,580308,579308]
[440,166,426084,431084]
[441,56,437587,442587]
[442,215,499438,494438]
[443,14,658092,663092]
[444,67,105171,100171]
[445,190,675273,675608]
[446,174,655132,655632]
[447,94,324641,329641]
[448,121,405306,400306]
[449,174,248620,249913]
[450,180,561893,562893]
[451,263,122722,122222]
[452,6,321176,326176]
[453,22,211256,212256]
[454,193,575964,574808]
[455,85,655595,654991]
[456,137,113349,112349]
[457,7,183363,181942]
[458,245,2972,2472]
[459,178,122906,127906]
[460,167,308382,303382]
[461,115,247802,247302]
[462,205,295544,295044]
[463,83,624681,619681]
[464,174,334327,335430]
[465,24,725749,726249]
[466,102,79295,79649]
[467,178,272946,273946]
[468,2,342677,343776]
[469,79,190939,190166]
[470,213,132663,131663]
[471,139,427707,426707]
[472,94,492118,493548]
[473,71,265644,265144]
[474,96,436624,437124]
[475,70,515919,516419]
[476,114,525789,526289]
[477,276,538132,539132]
[478,207,673881,673381]
[479,26,557742,558742]
[480,111,140135,135135]
[481,122,561842,562158]
[482,246,165660,166660]
[483,37,431805,430805]
[484,5,314159,313159]
[485,227,99084,98084]
[486,62,623873,628873]
[487,210,607735,608392]
[488,100,598770,600262]
[489,201,64141,63141]
[490,256,376961,377961]
[491,195,252028,251660]
[492,179,505911,505869]
[493,30,178318,179318]
[494,258,453126,454538]
[495,85,194371,189371]
[496,127,28913,27664]
[497,52,504941,509941]
[498,126,568082,568926]
[499,199,672139,671139]
[500,149,582726,581866]
[501,117,660762,660262]
[502,148,284310,289310]
[503,278,6442,7442]
[504,190,529172,534172]
[505,184,374373,379373]
[506,35,38818,38702]
[507,92,333207,333707]
[508,200,409005,409505]
[509,177,485490,484490]
[510,269,553600,548600]
[511,107,659592,654592]
[512,127,208409,207909]
[513,125,392075,391075]
[514,35,367206,365977]
[515,186,503308,508308]
[516,105,449307,448307]
[517,197,51520,50520]
[518,117,637249,636249]
[519,166,389745,390911]
[520,273,578821,577891]
[521,243,237900,236900]
[522,192,257595,258095]
[523,61,475188,474688]
[524,97,41931,36931]
[525,83,540517,540263]
[526,176,124553,129553]
[527,126,82334,83297]
[528,277,694388,689388]
[529,25,343850,342470]
[530,170,583869,588869]
[531,87,224155,223155]
[532,167,270983,270198]
[533,65,194800,189800]
[534,20,730063,730993]
[535,116,94892,99892]
[536,226,298398,299398]
[537,173,272221,267221]
[538,150,478154,479202]
[539,31,312967,307967]
[540,26,282823,283823]
[541,61,692498,691998]
[542,182,113873,114373]
[543,119,485397,480397]
[544,12,479466,480534]
[545,152,512302,513574]
[546,115,238536,238036]
[547,37,85946,85446]
[548,264,275326,276357]
[549,120,325894,326394]
[550,89,565361,560361]
[551,226,334033,334131]
[552,177,84372,83872]
[553,189,10057,9068]
[554,81,505597,505097]
[555,215,129468,128468]
[556,75,714442,713345]
[557,161,119528,118324]
[558,246,219787,220287]
[559,56,49154,54154]
[560,154,559912,560912]
[561,164,330069,331069]
[562,240,26178,31178]
[563,179,658824,658659]
[564,138,382148,383148]
[565,139,384906,383684]
[566,105,84186,83686]
[567,108,466701,466982]
[568,225,654693,649693]
[569,248,339117,339617]
[570,53,369564,368445]
[571,21,665443,664443]
[572,72,592108,592608]
[573,149,598558,593558]
[574,87,529783,529283]
[575,74,131282,136282]
[576,94,28328,33328]
[577,239,227733,227233]
[578,57,150932,145932]
[579,25,666773,661773]
[580,230,299224,300224]
[581,129,668713,668213]
[582,234,122824,123324]
[583,194,429319,429376]
[584,154,661112,662112]
[585,228,238124,239527]
[586,93,38646,33646]
[587,40,697222,697765]
[588,92,510632,515632]
[589,162,485393,486452]
[590,60,429296,429901]
[591,26,105473,106473]
[592,94,414026,419026]
[593,120,344145,344645]
[594,69,583263,582269]
[595,136,640525,645525]
[596,177,611753,606753]
[597,212,631393,636393]
[598,266,492469,493469]
[599,121,102252,97252]
[600,102,110185,111185]
[601,0,215659,220659]
[602,246,629685,630685]
[603,87,420560,419560]
[604,28,447560,448060]
[605,12,187742,192742]
[606,150,244887,245887]
[607,220,9835,10835]
[608,119,526906,521906]
[609,228,240789,241567]
[610,35,458772,458694]
[611,73,632074,627074]
[612,63,42697,41697]
[613,135,440730,439730]
[614,251,537924,536924]
[615,224,720374,720874]
[616,245,49090,48590]
[617,199,185944,184923]
[618,75,147548,147048]
[619,58,440782,441282]
[620,141,418066,417566]
[621,86,490370,495370]
[622,21,532567,532067]
[623,157,418527,417527]
[624,0,223457,223921]
[625,186,556073,561073]
[626,238,678449,679449]
[627,223,541719,541219]
[628,18,133997,134497]
[629,77,575279,574779]
[630,90,438075,438575]
[631,176,374175,374753]
[632,222,124673,125044]
[633,164,278793,279793]
[634,255,179566,179014]
[635,106,157861,162861]
[636,239,404390,403390]
[637,255,354604,354104]
[638,215,182789,181789]
[639,28,345139,346139]
[640,32,233244,233744]
[641,103,218640,218326]
[642,215,58514,57610]
[643,265,615812,610812]
[644,176,485323,485823]
[645,197,307468,307289]
[646,184,398082,398582]
[647,136,191170,192069]
[648,258,373027,378027]
[649,162,52001,52087]
[650,155,311594,311094]
[651,242,368704,369162]
[652,8,286474,287318]
[653,27,279679,274679]
[654,166,138497,139869]
[655,57,66973,61973]
[656,7,90658,89861]
[657,172,439812,440312]
[658,211,5807,807]
[659,86,488625,493625]
[660,200,126335,131335]
[661,68,437067,437567]
[662,167,234145,232812]
[663,268,627939,632939]
[664,123,361604,361241]
[665,197,412373,407373]
[666,36,263602,268602]
[667,278,344870,345870]
[668,59,399616,398958]
[669,149,223081,222581]
[670,131,164517,163517]
[671,91,2675,1925]
[672,202,256963,258413]
[673,219,322494,321072]
[674,11,454092,453592]
[675,47,722195,717195]
[676,198,507795,509062]
[677,110,184380,184880]
[678,131,407461,406961]
[679,262,16208,17208]
[680,225,19133,18133]
[681,175,133645,133145]
[682,22,499741,499887]
[683,17,30568,29307]
[684,201,361084,356084]
[685,143,682684,677684]
[686,258,677524,678024]
[687,200,667504,667669]
[688,30,169307,174307]
[689,199,348968,347968]
[690,172,589515,590638]
[691,95,719182,718682]
[692,211,538649,533649]
[693,210,71215,71373]
[694,83,680641,679641]
[695,69,341902,340575]
[696,74,480081,480581]
[697,139,700771,699771]
[698,61,94803,93374]
[699,7,695242,690242]
[700,120,573417,578417]
[701,264,248048,248548]
[702,70,188866,189866]
[703,230,485769,486269]
[704,253,356816,351816]
[705,126,164393,165545]
[706,230,371310,371810]
[707,145,679339,678339]
[708,107,48573,48073]
[709,266,7321,12321]
[710,258,580739,581739]
[711,243,275517,274517]
[712,33,468384,463384]
[713,135,399883,394883]
[714,108,15705,16205]
[715,107,357322,356822]
[716,179,270802,270302]
[717,263,507007,506007]
[718,1,109092,104092]
[719,17,411091,410591]
[720,188,40693,41693]
[721,101,493924,493424]
[722,178,196416,196916]
[723,136,60805,61805]
[724,186,211964,212464]
[725,15,259973,259473]
[726,195,16676,11676]
[727,175,614636,613636]
[728,196,378197,378697]
[729,95,251430,250430]
[730,211,663854,663354]
[731,12,575687,576515]
[732,239,588683,587683]
[733,95,653488,648488]
[734,154,129458,130847]
[735,101,665307,664807]
[736,128,55536,56124]
[737,99,73361,72361]
[738,243,514084,513084]
[739,140,205263,210263]
[740,201,84425,83085]
[741,278,144631,144738]
[742,278,50265,51265]
[743,24,179724,180224]
[744,65,14885,14385]
[745,149,219171,214171]
[746,0,119875,120875]
[747,200,580500,581500]
[748,62,6292,7292]
[749,8,272162,277162]
[750,117,387725,382725]
[751,115,528356,527356]
[752,274,535231,535351]
[753,109,188105,187605]
[754,175,379214,378714]
[755,196,592886,597886]
[756,69,158991,158491]
[757,269,185722,184722]
[758,203,196014,191014]
[759,211,640900,639900]
[760,49,292257,291631]
[761,166,291795,293126]
[762,168,705271,705771]
[763,11,110556,109065]
[764,32,268302,269302]
[765,246,167143,167829]
[766,102,139285,140460]
[767,217,6082,5082]
[768,161,519417,514417]
[769,264,117602,122602]
[770,150,409397,410397]
[771,121,709573,709073]
[772,74,642084,642584]
[773,201,400040,399540]
[774,245,23887,18887]
[775,78,704444,705444]
[776,180,112735,113235]
[777,78,619758,624758]
[778,187,482417,481417]
[779,65,635208,634708]
[780,3,322985,321722]
[781,230,489087,490087]
[782,176,400177,401177]
[783,97,246447,245447]
[784,215,441559,441059]
[785,13,415509,414509]
[786,66,703969,704969]
[787,144,38463,38963]
[788,51,520881,519881]
[789,268,423595,424595]
[790,143,192047,191047]
[791,116,622187,622687]
[792,146,64769,65769]
[793,51,444359,443359]
[794,169,540672,540172]
[795,33,169903,168903]
[796,254,621359,626359]
[797,15,454481,453981]
[798,151,710515,709440]
[799,250,195634,200634]
[800,114,563405,564447]
[801,13,49667,49167]
[802,72,582675,583175]
[803,229,631636,630636]
[804,41,570386,565386]
[805,19,184151,183651]
[806,62,682610,683882]
[807,174,326713,327213]
[808,185,356851,356532]
[809,214,208299,213299]
[810,182,158959,159664]
[811,156,507998,512998]
[812,200,362185,362685]
[813,133,30551,25551]
[814,123,39544,34544]
[815,87,111126,110626]
[816,218,463966,468966]
[817,93,418340,418207]
[818,250,187480,187980]
[819,183,104056,99056]
[820,90,641956,642442]
[821,226,315732,320732]
[822,27,460092,459364]
[823,273,528164,527664]
[824,51,711149,710149]
[825,139,198327,197056]
[826,157,726000,725500]
[827,63,354854,354354]
[828,183,373231,368231]
[829,77,541568,541068]
[830,156,201824,206824]
[831,42,271365,276365]
[832,37,493222,492722]
[833,30,466117,467117]
[834,233,626996,621996]
[835,92,88058,89058]
[836,85,275958,275458]
[837,245,79239,78739]
[838,33,126528,126028]
[839,159,211197,206197]
[840,124,534831,539831]
[841,186,624928,625928]
[842,148,620119,620619]
[843,237,499429,498429]
[844,186,598258,599270]
[845,142,34708,35708]
[846,227,311166,310166]
[847,64,388905,393905]
[848,97,696657,691657]
[849,128,343584,344084]
[850,252,324145,329145]
[851,31,218579,218079]
[852,179,107704,107204]
[853,8,605633,606633]
[854,66,649621,650121]
[855,138,19709,24709]
[856,208,159112,159612]
[857,1,250654,249654]
[858,55,215409,214909]
[859,121,58410,53410]
[860,65,229420,228920]
[861,232,338901,339855]
[862,39,570696,570196]
[863,47,622559,621559]
[864,114,716911,717911]
[865,124,5626,6126]
[866,204,341463,341963]
[867,206,591117,596117]
[868,261,256757,251757]
[869,255,306167,305167]
[870,40,710811,711811]
[871,144,318719,319219]
[872,228,526408,531408]
[873,20,438453,438953]
[874,145,53668,53335]
[875,248,272933,274395]
[876,158,342147,347147]
[877,42,663819,664319]
[878,61,33400,32502]
[879,181,567245,566251]
[880,136,398164,403164]
[881,236,193578,194578]
[882,257,78762,77762]
[883,122,131097,131597]
[884,157,439685,438685]
[885,84,343532,344032]
[886,36,570022,575022]
[887,77,408221,408068]
[888,7,347229,342229]
[889,151,422174,421674]
[890,7,89550,88845]
[891,161,411670,411170]
[892,7,339878,338693]
[893,113,337176,332176]
[894,30,78743,79243]
[895,106,520905,521905]
[896,96,719168,720168]
[897,147,396664,395664]
[898,86,679374,679874]
[899,1,374035,373667]
[900,74,526226,527114]
[901,47,189557,188833]
[902,216,582556,587556]
[903,130,652026,652515]
[904,205,331192,330692]
[905,21,319867,318867]
[906,169,719531,714531]
[907,127,113641,108641]
[908,128,659032,660032]
[909,198,512472,512972]
[910,22,600358,600871]
[911,91,394315,393315]
[912,159,125837,124359]
[913,147,693569,692494]
[914,150,287192,292192]
[915,260,367837,368837]
[916,178,592727,593572]
[917,221,30555,25555]
[918,140,538028,543028]
[919,34,584116,585116]
[920,167,507514,502514]
[921,108,625921,630921]
[922,179,671361,670361]
[923,22,325476,325976]
[924,44,58399,58885]
[925,200,692892,693915]
[926,83,171727,170350]
[927,162,644821,645821]
[928,121,161541,161363]
[929,40,247641,248641]
[930,148,319293,320572]
[931,242,188716,189716]
[932,121,314026,309026]
[933,76,458773,463773]
[934,276,597396,598396]
[935,162,656811,657811]
[936,269,565558,565058]
[937,260,457063,458063]
[938,133,202826,202191]
[939,60,571994,572994]
[940,199,150647,150147]
[941,34,515587,520587]
[942,155,94120,93620]
[943,231,730993,729117]
[944,99,596019,595519]
[945,261,522337,521337]
[946,122,532125,533125]
[947,102,434919,439919]
[948,107,87840,82840]
[949,24,155126,160126]
[950,89,374982,369982]
[951,226,465952,466952]
[952,176,415065,416065]
[953,264,629168,630168]
[954,258,626779,627279]
[955,82,318323,319785]
[956,103,457075,456075]
[957,206,160000,160500]
[958,185,247840,242840]
[959,210,397966,398466]
[960,171,218678,213678]
[961,117,680130,679630]
[962,165,541425,540425]
[963,21,443599,438599]
[964,152,511109,511303]
[965,110,456536,461536]
[966,213,358841,358341]
[967,139,518841,518341]
[968,197,211911,206911]
[969,127,55608,50608]
[970,18,441010,442010]
[971,8,566371,567371]
[972,45,380802,375802]
[973,219,261132,260132]
[974,91,217471,216971]
[975,197,497133,492133]
[976,44,126340,131340]
[977,20,347298,348496]
[978,13,717473,712473]
[979,140,32087,32587]
[980,30,473097,474097]
[981,190,308474,313474]
[982,108,130007,131007]
[983,47,571863,566863]
[984,10,52840,57840]
[985,207,722197,721697]
[986,123,122043,117043]
[987,143,646065,641065]
[988,63,432886,431886]
[989,77,641368,636368]
[990,222,487221,487758]
[991,155,280748,275748]
[992,263,407157,405755]
[993,16,365765,366265]
[994,26,102261,102761]
[995,35,198717,198629]
[996,254,480925,485925]
[997,88,599354,599854]
[998,209,30949,29622]
[999,238,204948,209948]
[1000,45,255089,254589]
