["head":"wrap","lpos","status"]
[143,113445,1]
["io count"]
[1000]
["io":"id","wrap","startLpos","endLpos"]
[1,86,300139,300964]
[2,246,659049,664049]
[3,110,389946,394946]
[4,225,415111,414611]
[5,228,526071,526571]
[6,15,339423,338423]
[7,31,233374,232874]
[8,269,619546,614546]
[9,186,138142,139062]
[10,17,342316,341816]
[11,70,529678,530178]
[12,188,457733,462733]
[13,18,293410,293910]
[14,116,153751,154251]
[15,64,679822,680322]
[16,79,464975,463975]
[17,110,142580,143580]
[18,251,26632,26132]
[19,158,164274,165702]
[20,203,273313,272813]
[21,274,71497,71997]
[22,182,529231,529894]
[23,51,466443,465443]
[24,84,604960,605960]
[25,44,85196,86196]
[26,147,172457,171426]
[27,259,315959,310959]
[28,131,186769,186269]
[29,230,92191,92691]
[30,192,473179,478179]
[31,275,147794,147294]
[32,182,27015,28015]
[33,233,674182,669182]
[34,37,543648,543148]
[35,81,629345,628345]
[36,101,69277,68777]
[37,262,53162,53912]
[38,134,490398,491398]
[39,236,28319,29319]
[40,148,678223,679657]
[41,73,156429,151429]
[42,134,419989,420489]
[43,246,663455,664455]
[44,67,594949,593661]
[45,116,297382,298867]
[46,74,598067,598567]
[47,107,726303,725303]
[48,224,504162,509162]
[49,69,208456,207456]
[50,196,260132,265132]
[51,251,460927,460427]
[52,28,345717,346723]
[53,60,517594,518107]
[54,174,146678,146915]
[55,125,726690,721690]
[56,9,310915,305915]
[57,110,271477,276477]
[58,265,166794,161794]
[59,118,110326,111521]
[60,145,640206,639206]
[61,46,430653,431153]
[62,194,37783,42783]
[63,65,469337,468837]
[64,205,644002,643002]
[65,50,79428,79928]
[66,60,385343,390343]
[67,42,102550,103050]
[68,179,446068,441068]
[69,18,551394,552394]
[70,63,208392,207412]
[71,172,383384,384384]
[72,86,597892,598925]
[73,203,592238,591238]
[74,243,568837,567861]
[75,233,610791,609791]
[76,155,456008,451008]
[77,55,350621,350121]
[78,150,347707,348707]
[79,239,202605,201318]
[80,43,359367,357965]
[81,109,255719,254297]
[82,188,311097,312097]
[83,152,147965,148965]
[84,270,459438,459938]
[85,51,104098,99098]
[86,93,240621,240121]
[87,94,70161,71596]
[88,215,400876,395876]
[89,154,362645,363645]
[90,65,127245,122245]
[91,51,578098,573098]
[92,239,330426,329926]
[93,111,655615,654615]
[94,253,384059,383059]
[95,25,482657,482157]
[96,270,168009,168509]
[97,236,414894,415177]
[98,57,641331,640331]
[99,211,276982,271982]
[100,149,571451,570951]
[101,200,589780,590949]
[102,240,88659,88758]
[103,92,9662,10162]
[104,273,416235,411235]
[105,233,156620,155620]
[106,277,675921,675674]
[107,144,257259,262259]
[108,253,189064,188064]
[109,8,455005,455505]
[110,76,27115,27615]
[111,207,402645,402145]
[112,50,200790,201790]
[113,14,210452,215452]
[114,8,67418,67918]
[115,241,224038,223038]
[116,111,168218,167718]
[117,48,621026,622026]
[118,230,284954,289954]
[119,191,35036,34894]
[120,224,705627,706127]
[121,152,553502,554502]
[122,202,23298,28298]
[123,217,410974,410474]
[124,97,478392,477892]
[125,210,700930,701930]
[126,193,319379,314379]
[127,241,205695,204411]
[128,75,368638,367825]
[129,17,587939,587439]
[130,182,204780,205280]
[131,108,96623,101623]
[132,66,198577,199433]
[133,128,451834,452834]
[134,100,183175,184365]
[135,40,376648,377148]
[136,154,581060,581798]
[137,263,39205,38205]
[138,79,531272,530272]
[139,119,443702,442702]
[140,183,182640,177640]
[141,41,113600,112600]
[142,269,459034,458034]
[143,33,555367,550367]
[144,160,58367,58867]
[145,73,435515,435015]
[146,227,463050,461805]
[147,227,510824,505824]
[148,178,481826,483215]
[149,146,260642,261142]
[150,266,586472,587472]
[151,44,379886,384886]
[152,19,248019,247519]
[153,98,109357,109857]
[154,53,297095,296095]
[155,109,9393,8893]
[156,72,476513,477513]
[157,19,251843,251343]
[158,197,179716,178900]
[159,108,497772,502772]
[160,247,353750,353250]
[161,163,183866,178866]
[162,54,426386,431386]
[163,153,535921,535743]
[164,263,210650,209602]
[165,181,729320,728320]
[166,174,273755,274755]
[167,118,351481,351701]
[168,179,462113,457113]
[169,210,268906,269406]
[170,250,186928,187922]
[171,28,120615,122098]
[172,166,474464,474964]
[173,21,130446,129796]
[174,11,543971,542971]
[175,186,85733,90733]
[176,24,613938,614938]
[177,214,645189,646189]
[178,16,311357,312026]
[179,239,316743,316243]
[180,224,607910,608265]
[181,191,680403,679403]
[182,195,329184,328067]
[183,171,533923,528923]
[184,48,558037,559037]
[185,107,300625,299625]
[186,156,721812,722812]
[187,49,134386,129386]
[188,33,342587,337587]
[189,142,240017,245017]
[190,0,439786,440786]
[191,192,388196,393196]
[192,107,162993,161993]
[193,86,425186,425686]
[194,237,656486,655486]
[195,46,204403,204775]
[196,124,481879,482879]
[197,173,612073,611265]
[198,185,395201,394201]
[199,110,590511,591511]
[200,87,190150,189150]
[201,153,573300,572300]
[202,50,407770,408280]
[203,44,325710,330710]
[204,134,627689,632689]
[205,137,680271,675271]
[206,140,382652,383891]
[207,231,401328,400828]
[208,49,48771,48429]
[209,100,594760,595760]
[210,106,394533,395366]
[211,57,380589,375589]
[212,199,594891,593482]
[213,122,393644,393945]
[214,277,135924,134467]
[215,229,668616,668116]
[216,167,663429,662429]
[217,174,182802,187802]
[218,146,223292,224414]
[219,123,362332,361130]
[220,238,364824,365570]
[221,209,226140,225640]
[222,115,512182,510920]
[223,153,341266,340266]
[224,102,277388,278388]
[225,269,385892,385547]
[226,153,548011,543011]
[227,141,387052,382052]
[228,136,188912,193912]
[229,188,371362,371862]
[230,159,594024,593024]
[231,52,532232,532732]
[232,244,358381,358881]
[233,117,145377,144377]
[234,92,421766,426766]
[235,233,77319,76319]
[236,141,95399,90399]
[237,43,509494,504494]
[238,221,75427,74427]
[239,55,619483,618483]
[240,35,687433,686933]
[241,72,426753,431753]
[242,248,123223,123723]
[243,104,641804,642937]
[244,48,523653,524153]
[245,2,45703,46703]
[246,143,313326,312826]
[247,58,86326,91326]
[248,151,338484,337477]
[249,125,386931,381931]
[250,52,3097,4080]
[251,251,425549,420549]
[252,167,301768,296768]
[253,47,594075,593499]
[254,189,365835,364835]
[255,103,677880,676880]
[256,191,431074,430574]
[257,97,115821,114821]
[258,169,39566,34566]
[259,46,128583,133583]
[260,3,644148,643148]
[261,254,332703,332957]
[262,105,4998,3998]
[263,163,557097,556983]
[264,2,260041,260595]
[265,78,288414,288914]
[266,218,678338,679338]
[267,180,405793,410793]
[268,266,137633,138633]
[269,277,604204,603564]
[270,144,158296,163296]
[271,158,233498,233998]
[272,91,348929,347929]
[273,151,105805,105267]
[274,65,328449,323449]
[275,175,514187,513187]
[276,103,642022,641022]
[277,72,249154,249621]
[278,269,661594,660594]
[279,228,556499,561499]
[280,9,192755,192255]
[281,47,9233,8733]
[282,248,558918,559831]
[283,161,667151,662151]
[284,198,58963,63963]
[285,79,135662,134662]
[286,57,576593,571593]
[287,34,168529,169529]
[288,23,276337,274853]
[289,2,628377,629377]
[290,215,719395,718895]
[291,268,45093,45593]
[292,158,451468,452468]
[293,191,383125,382625]
[294,261,623313,618313]
[295,212,198705,199845]
[296,195,191137,190637]
[297,214,446935,448424]
[298,210,603687,604187]
[299,263,425564,425346]
[300,100,421914,426914]
[301,120,350362,355362]
[302,254,293474,298474]
[303,30,574697,575027]
[304,216,472092,473530]
[305,33,436983,431983]
[306,119,148924,147924]
[307,121,702336,701336]
[308,277,598861,597861]
[309,216,305563,310563]
[310,16,411807,416807]
[311,127,62302,61802]
[312,149,452870,447870]
[313,152,721257,726257]
[314,240,462355,467355]
[315,190,419483,419689]
[316,78,300355,305355]
[317,199,447507,447421]
[318,114,390804,391804]
[319,87,83246,82246]
[320,11,398909,398409]
[321,65,532491,531491]
[322,213,240468,235468]
[323,276,92116,97116]
[324,49,367834,366834]
[325,8,342541,343541]
[326,87,643714,642896]
[327,279,162525,162032]
[328,63,330128,329128]
[329,89,550879,550379]
[330,114,501366,502366]
[331,264,475561,480561]
[332,160,493393,498393]
[333,114,245824,245913]
[334,113,372760,367760]
[335,110,594287,595287]
[336,214,566821,567321]
[337,128,230794,235794]
[338,191,5683,5652]
[339,46,313305,314251]
[340,108,378749,378911]
[341,3,10595,10095]
[342,118,255919,256336]
[343,26,379641,380659]
[344,186,184840,189840]
[345,184,463385,464663]
[346,15,69034,68034]
[347,18,65387,66024]
[348,275,266829,265829]
[349,246,513524,514574]
[350,219,342023,341523]
[351,132,353404,354404]
[352,158,2052,2552]
[353,39,422710,421710]
[354,261,682196,677196]
[355,52,609207,610207]
[356,59,370872,370146]
[357,241,189528,188528]
[358,144,311825,312325]
[359,66,258604,263604]
[360,6,45857,50857]
[361,138,399261,399810]
[362,135,383357,382857]
[363,200,680246,681246]
[364,16,332480,337480]
[365,265,292715,291715]
[366,131,210256,208944]
[367,222,490041,490541]
[368,83,241480,241137]
[369,119,375687,370687]
[370,101,192741,192241]
[371,244,125740,125801]
[372,184,420277,420777]
[373,246,80964,85964]
[374,232,527581,532581]
[375,277,613851,613351]
[376,260,277697,278452]
[377,10,137610,142610]
[378,57,174696,173696]
[379,110,78914,83914]
[380,173,565118,560118]
[381,278,157372,162372]
[382,54,23379,28379]
[383,20,281067,281567]
[384,252,77655,82655]
[385,121,137078,136736]
[386,271,190223,189072]
[387,72,484660,489660]
[388,274,713347,713847]
[389,199,405948,400948]
[390,151,725988,725488]
[391,267,612838,607838]
[392,35,174140,173974]
[393,241,379638,378149]
[394,149,334535,329535]
[395,123,190199,189699]
[396,122,189760,190760]
[397,244,549851,550303]
[398,261,698584,693584]
[399,219,175186,170186]
[400,175,536153,535153]
[401,58,192506,193506]
[402,241,312651,307651]
[403,268,677174,682174]
[404,9,452940,452440]
[405,132,87869,88869]
[406,255,459353,454353]
[407,91,274210,273210]
[408,163,275656,275156]
[409,277,657153,652153]
[410,52,259919,260370]
[411,47,98234,93234]
[412,8,400885,401885]
[413,148,523789,525167]
[414,29,534039,529039]
[415,250,563804,564804]
[416,202,413304,414304]
[417,70,200372,200872]
[418,72,681024,686024]
[419,142,600868,605868]
[420,131,325079,324871]
[421,37,131993,126993]
[422,276,500300,505300]
[423,70,659351,659851]
[424,99,634863,634121]
[425,121,711026,710526]
[426,188,678291,683291]
[427,32,326962,328272]
[428,172,417711,422711]
[429,78,625252,625757]
[430,202,534949,539949]
[431,132,245399,246399]
[432,210,479639,484639]
[433,39,404963,404845]
[434,137,127165,122165]
[435,153,448631,448131]
[436,87,425199,420199]
[437,246,165573,170573]
[438,139,512315,511815]
[439,35,629658,628658]
[440,109,609818,609337]
[441,21,531152,530652]
[442,116,282759,284232]
[443,90,55599,56099]
[444,147,454643,453643]
[445,112,67991,68991]
[446,109,363465,362749]
[447,107,119481,118481]
[448,95,410766,410266]
[449,68,290406,291582]
[450,133,196764,196264]
[451,177,246227,245377]
[452,176,161498,162498]
[453,89,399379,398379]
[454,26,705846,706346]
[455,51,530793,525793]
[456,195,689038,688038]
[457,70,76833,77833]
[458,132,94287,95287]
[459,152,166809,167809]
[460,158,539797,544797]
[461,55,231904,230904]
[462,188,552693,554066]
[463,82,464587,469587]
[464,108,439439,440201]
[465,194,690625,692111]
[466,230,106537,107037]
[467,103,434580,434225]
[468,198,328390,333390]
[469,76,313918,314418]
[470,131,726546,721546]
[471,191,544245,543245]
[472,65,146035,141035]
[473,175,630946,629946]
[474,142,289126,289626]
[475,59,478741,478241]
[476,10,584778,585278]
[477,113,465233,464733]
[478,30,231789,236789]
[479,137,488227,487727]
[480,205,432592,431687]
[481,56,720460,721460]
[482,121,307915,307226]
[483,62,55011,56453]
[484,109,698363,697363]
[485,237,277071,275639]
[486,110,360246,365246]
[487,141,592536,592036]
[488,278,525493,526493]
[489,203,403410,402910]
[490,111,38799,33799]
[491,236,489202,494202]
[492,163,547421,546921]
[493,84,213653,214153]
[494,65,357746,356746]
[495,23,632885,632385]
[496,177,83338,82749]
[497,156,502047,502441]
[498,36,292714,297714]
[499,267,217424,216424]
[500,274,306325,307325]
[501,274,149181,149681]
[502,36,374940,375940]
[503,261,546732,541732]
[504,169,20260,19260]
[505,74,123294,128294]
[506,89,588575,587575]
[507,118,535352,536352]
[508,144,277629,278629]
[509,94,422816,427816]
[510,27,48532,47532]
[511,68,715720,720720]
[512,121,91796,91296]
[513,130,411519,411683]
[514,148,62061,67061]
[515,94,185355,185855]
[516,56,218661,223661]
[517,46,199743,201013]
[518,52,321156,322156]
[519,154,100318,100818]
[520,250,539253,540253]
[521,213,224652,219652]
[522,211,452214,451714]
[523,191,495015,494515]
[524,211,561576,556576]
[525,26,10938,11272]
[526,107,139357,138857]
[527,196,166282,171282]
[528,249,665377,664162]
[529,251,334330,329330]
[530,154,38299,39633]
[531,111,278023,276654]
[532,21,630135,630082]
[533,45,302609,301738]
[534,145,558405,557905]
[535,134,562857,563357]
[536,98,671883,672883]
[537,242,237523,238523]
[538,213,567881,566853]
[539,252,480722,481222]
[540,83,203450,203106]
[541,22,599684,600684]
[542,127,501589,501079]
[543,2,376038,377368]
[544,90,403084,408084]
[545,188,343973,344473]
[546,23,28226,27226]
[547,236,594079,594579]
[548,196,90691,95691]
[549,213,306626,301626]
[550,44,132656,133156]
[551,140,523764,524845]
[552,131,513777,513239]
[553,180,399337,404337]
[554,96,216594,216738]
[555,40,623090,628090]
[556,229,308952,308452]
[557,129,321721,320721]
[558,199,172024,167024]
[559,269,160152,159652]
[560,234,374419,374919]
[561,45,183046,182546]
[562,139,404586,404086]
[563,191,77429,72429]
[564,160,289023,290023]
[565,64,668225,668293]
[566,144,551420,556420]
[567,145,141647,141147]
[568,64,484895,489895]
[569,206,90277,95277]
[570,160,464696,464803]
[571,93,119335,118835]
[572,247,3835,3335]
[573,118,393307,393807]
[574,274,567455,567955]
[575,189,84428,79428]
[576,206,76578,77578]
[577,71,395449,394449]
[578,8,148350,149434]
[579,224,660363,665363]
[580,166,647812,648603]
[581,207,356362,351362]
[582,58,37850,38850]
[583,76,224550,225243]
[584,4,569026,570026]
[585,162,694544,699544]
[586,231,515628,514526]
[587,174,212472,213602]
[588,250,20513,25513]
[589,136,668325,669325]
[590,268,149709,150709]
[591,238,365421,366421]
[592,199,421171,420171]
[593,154,311382,312382]
[594,19,459246,458746]
[595,241,129485,128418]
[596,73,388834,387834]
[597,99,656701,655701]
[598,69,677162,676214]
[599,222,463687,468687]
[600,95,223124,222624]
[601,154,372860,373360]
[602,162,16651,21651]
[603,4,563889,564889]
[604,108,329095,329349]
[605,230,645260,645760]
[606,254,129146,129466]
[607,21,580437,575437]
[608,273,369393,368893]
[609,258,626985,627695]
[610,205,382590,382090]
[611,173,96404,91404]
[612,168,288824,289824]
[613,181,214497,213997]
[614,156,444311,449311]
[615,131,137171,136171]
[616,127,410295,409767]
[617,44,371939,372939]
[618,135,702654,701632]
[619,25,295826,294826]
[620,143,588303,587908]
[621,110,324755,325255]
[622,3,563832,562832]
[623,207,684515,684015]
[624,82,165194,165694]
[625,235,684167,683237]
[626,103,513228,513011]
[627,106,706617,707117]
[628,270,661663,662163]
[629,79,268804,267804]
[630,86,318798,320279]
[631,242,279165,284165]
[632,271,105235,104252]
[633,252,532799,534028]
[634,202,125410,126410]
[635,25,639421,638421]
[636,142,489271,494271]
[637,275,659393,658393]
[638,99,134387,133887]
[639,76,38429,43429]
[640,164,621175,621675]
[641,255,128706,128041]
[642,186,101158,106158]
[643,25,699762,698762]
[644,227,94172,93178]
[645,94,175106,176223]
[646,18,138526,139896]
[647,233,174118,173618]
[648,30,388771,393771]
[649,66,278952,283952]
[650,41,584717,583717]
[651,186,348369,349695]
[652,74,506707,511707]
[653,173,600886,599886]
[654,18,46222,47222]
[655,157,713926,712823]
[656,180,324327,324827]
[657,48,670861,675861]
[658,52,691919,692419]
[659,148,315123,316123]
[660,140,21910,22410]
[661,189,384626,384126]
[662,136,336563,341563]
[663,29,206734,205455]
[664,7,87194,86694]
[665,217,152207,151208]
[666,59,135918,130918]
[667,47,634816,629816]
[668,148,289337,294337]
[669,220,463100,468100]
[670,156,239274,239774]
[671,164,557635,558135]
[672,98,86119,87119]
[673,225,726923,725923]
[674,105,82623,81623]
[675,42,232831,233831]
[676,183,155097,154097]
[677,93,16015,15230]
[678,42,117890,122890]
[679,262,580991,581491]
[680,139,89771,89271]
[681,175,93136,92636]
[682,273,183756,178756]
[683,91,174203,173685]
[684,78,475140,480140]
[685,274,273953,274953]
[686,249,27413,26960]
[687,126,292416,293416]
[688,236,85274,85774]
[689,163,250454,249679]
[690,169,324520,323656]
[691,92,714237,714737]
[692,55,334925,333652]
[693,249,549073,548073]
[694,243,96033,91033]
[695,212,294717,295717]
[696,227,327455,326955]
[697,156,477084,477584]
[698,68,653933,654933]
[699,119,366674,365784]
[700,276,697229,702229]
[701,143,561213,560213]
[702,162,633146,633646]
[703,3,451225,450225]
[704,246,717982,719322]
[705,232,249421,250421]
[706,77,458093,457093]
[707,7,200769,195769]
[708,125,185125,184125]
[709,77,6733,5848]
[710,175,489151,488151]
[711,200,530102,530724]
[712,10,642830,643627]
[713,244,494116,494860]
[714,40,229808,230025]
[715,97,134228,133228]
[716,266,384948,389948]
[717,233,604241,603962]
[718,135,482879,477879]
[719,85,140780,135780]
[720,143,462573,457573]
[721,154,546133,551133]
[722,221,551745,546745]
[723,80,491839,496839]
[724,260,316220,316957]
[725,20,614462,614962]
[726,175,214486,213486]
[727,135,79440,78440]
[728,270,2049,3496]
[729,57,33252,33052]
[730,224,27987,28987]
[731,258,548870,549370]
[732,228,319147,320147]
[733,238,319231,320231]
[734,238,628671,629671]
[735,234,535517,536017]
[736,73,401693,400618]
[737,151,618514,613514]
[738,39,205932,205187]
[739,76,16677,17677]
[740,193,50172,49672]
[741,252,452688,453188]
[742,135,240139,239003]
[743,200,503097,503822]
[744,3,457672,452672]
[745,76,299021,300021]
[746,211,706525,705568]
[747,229,51793,51293]
[748,34,695069,696069]
[749,216,81569,82395]
[750,187,325977,325477]
[751,42,564480,564888]
[752,180,543280,543780]
[753,246,590118,590618]
[754,224,217458,218285]
[755,124,203364,204364]
[756,141,708325,703325]
[757,22,299738,300905]
[758,74,684548,685810]
[759,73,476824,471824]
[760,115,487035,482035]
[761,156,657059,662059]
[762,264,86893,91893]
[763,60,688089,689123]
[764,225,402371,397371]
[765,258,109554,110554]
[766,212,182448,183143]
[767,78,347635,352635]
[768,253,300736,299417]
[769,94,348485,353485]
[770,124,150375,150875]
[771,90,714625,714886]
[772,55,217405,216905]
[773,79,386461,385334]
[774,238,93763,94675]
[775,198,721030,722030]
[776,276,514396,514897]
[777,3,620775,615775]
[778,249,234266,233266]
[779,93,561365,560365]
[780,56,720720,721220]
[781,229,644420,644099]
[782,143,365443,364943]
[783,120,44329,44376]
[784,247,649383,644383]
[785,197,449785,444785]
[786,68,469994,470994]
[787,87,638384,637565]
[788,242,94956,99956]
[789,159,471396,466396]
[790,263,267039,262039]
[791,99,376514,375514]
[792,66,296474,297474]
[793,272,487922,488922]
[794,111,578595,578035]
[795,221,249145,248145]
[796,247,273258,272758]
[797,272,559743,564743]
[798,234,100430,100930]
[799,265,567525,566826]
[800,204,569851,570351]
[801,206,32416,37416]
[802,261,699817,694817]
[803,3,92684,87684]
[804,190,16489,21489]
[805,3,442269,441358]
[806,7,291440,290192]
[807,126,490630,495630]
[808,246,572907,573907]
[809,197,443598,442598]
[810,146,432760,433540]
[811,147,334662,334162]
[812,169,483905,483405]
[813,23,656914,656414]
[814,210,390255,390755]
[815,237,509645,508372]
[816,260,548276,549616]
[817,178,634370,635370]
[818,147,128401,123401]
[819,40,359008,364008]
[820,164,627030,628030]
[821,116,304606,305280]
[822,67,241612,236612]
[823,51,437605,436356]
[824,266,481448,482579]
[825,260,50043,50955]
[826,149,24170,22793]
[827,68,77879,78879]
[828,34,186860,187860]
[829,261,478183,473183]
[830,155,308458,303458]
[831,94,540071,540571]
[832,145,423482,422157]
[833,237,427089,426589]
[834,9,363527,363385]
[835,205,669094,668094]
[836,109,432515,431515]
[837,190,24737,25237]
[838,30,297324,298324]
[839,56,298176,298676]
[840,156,510698,512145]
[841,76,258266,259232]
[842,37,49667,49246]
[843,165,664111,663611]
[844,9,179776,178776]
[845,126,272325,277325]
[846,32,443754,444754]
[847,252,71048,76048]
[848,45,525474,524974]
[849,145,375641,374641]
[850,60,386832,387832]
[851,273,645457,644457]
[852,182,139434,140434]
[853,96,211777,212277]
[854,112,73187,73687]
[855,277,104903,99903]
[856,24,614845,619845]
[857,17,460905,460405]
[858,223,568806,567994]
[859,78,520460,521460]
[860,10,176298,181298]
[861,3,266986,266486]
[862,58,582644,583644]
[863,154,63427,64427]
[864,138,136614,137614]
[865,136,413242,414144]
[866,47,152641,151641]
[867,215,327756,326756]
[868,147,473575,472575]
[869,97,443765,438765]
[870,260,60793,61293]
[871,135,327779,327279]
[872,193,356653,355653]
[873,219,424081,419081]
[874,78,1425,1925]
[875,214,591391,592729]
[876,165,33697,32925]
[877,119,191296,189938]
[878,61,197370,196907]
[879,221,223774,223274]
[880,76,727278,727778]
[881,142,351937,356937]
[882,81,217248,216748]
[883,159,395398,394898]
[884,245,255795,255295]
[885,83,36240,35240]
[886,123,195638,195138]
[887,27,18220,17720]
[888,89,215401,214627]
[889,236,598199,598699]
[890,32,40213,41213]
[891,174,392151,393557]
[892,21,335190,333873]
[893,256,61407,61681]
[894,80,9069,10069]
[895,75,205208,204208]
[896,103,222928,221928]
[897,64,613279,613779]
[898,108,447475,448475]
[899,205,117433,116095]
[900,140,663462,664462]
[901,268,718091,718591]
[902,147,437125,436625]
[903,144,410454,410954]
[904,225,420523,419523]
[905,20,69461,74461]
[906,275,468482,468113]
[907,184,74163,74663]
[908,245,129537,128537]
[909,83,400253,399848]
[910,46,176522,176841]
[911,16,373918,378918]
[912,49,32537,27537]
[913,69,439116,438616]
[914,275,343156,342156]
[915,37,503632,502632]
[916,93,442361,441361]
[917,160,256957,257428]
[918,192,482666,483666]
[919,147,20564,19727]
[920,144,546131,546631]
[921,118,16905,17905]
[922,237,79858,74858]
[923,173,553334,552334]
[924,2,545001,545907]
[925,180,127076,128076]
[926,74,601632,602632]
[927,85,474732,473732]
[928,51,15685,14685]
[929,112,241403,241903]
[930,128,56540,57040]
[931,246,250169,251169]
[932,76,325027,325527]
[933,249,324091,323091]
[934,251,137599,137099]
[935,77,34841,34341]
[936,91,12769,11769]
[937,28,112164,113133]
[938,153,292212,287212]
[939,265,530018,528615]
[940,225,566319,565819]
[941,169,708827,708327]
[942,18,509095,510095]
[943,126,53320,54320]
[944,145,413671,408671]
[945,64,160103,161103]
[946,210,689892,690892]
[947,160,54701,55535]
[948,94,660191,661526]
[949,168,730771,730993]
[950,40,445783,450783]
[951,105,39771,39271]
[952,70,574372,579372]
[953,196,532405,533616]
[954,70,474552,475945]
[955,130,547681,548681]
[956,162,48113,48613]
[957,68,566751,567751]
[958,240,328740,333740]
[959,245,126615,121615]
[960,202,18821,19540]
[961,252,81495,82495]
[962,242,101503,102503]
[963,98,530183,530313]
[964,176,487936,488436]
[965,235,593193,588193]
[966,74,326883,327118]
[967,185,37107,36607]
[968,239,580098,579098]
[969,205,106384,105384]
[970,276,401935,402935]
[971,137,164776,164318]
[972,55,106885,105463]
[973,115,226353,225353]
[974,7,52967,52467]
[975,62,658687,659187]
[976,57,547395,546395]
[977,140,31849,32349]
[978,212,546636,547636]
[979,206,349251,350251]
[980,131,124706,119706]
[981,121,182424,181924]
[982,177,464611,464111]
[983,111,711191,709827]
[984,160,42758,43758]
[985,94,701446,702446]
[986,151,521847,516847]
[987,163,730420,725420]
[988,95,541953,541062]
[989,24,506042,506542]
[990,140,395406,400406]
[991,80,322962,324090]
[992,186,601616,602292]
[993,183,261505,261005]
[994,252,56820,57320]
[995,277,669851,668851]
[996,163,496166,494995]
[997,248,589468,589968]
[998,142,194518,195018]
[999,166,650268,655268]
[1000,184,2679,3179]
