["head":"wrap","lpos","status"]
[200,253337,1]
["io count"]
[1000]
["io":"id","wrap","startLpos","endLpos"]
[1,68,471919,472919]
[2,128,257299,262299]
[3,232,161310,166310]
[4,53,221704,220972]
[5,259,419509,414509]
[6,115,16940,15496]
[7,164,438675,439175]
[8,214,227445,228919]
[9,77,452265,450993]
[10,175,380632,375632]
[11,24,632932,633432]
[12,256,63248,64147]
[13,34,695790,700790]
[14,165,379806,379306]
[15,0,571526,572026]
[16,236,434656,435821]
[17,269,157024,156524]
[18,255,627239,625943]
[19,153,620899,620399]
[20,91,431523,431023]
[21,264,180069,185069]
[22,227,271881,271381]
[23,25,420379,415379]
[24,225,614955,609955]
[25,115,100909,100359]
[26,262,623182,623906]
[27,100,63740,64377]
[28,164,347551,352551]
[29,160,701332,702332]
[30,65,54832,53832]
[31,187,335999,330999]
[32,216,572963,573963]
[33,130,639962,640462]
[34,196,547494,547994]
[35,91,340412,335412]
[36,71,437053,436053]
[37,171,677017,676517]
[38,219,230523,229523]
[39,109,29973,24973]
[40,147,499978,494978]
[41,180,618344,623344]
[42,110,655192,656673]
[43,20,725075,726313]
[44,139,616095,615595]
[45,271,468268,467512]
[46,191,321078,320179]
[47,106,556270,557270]
[48,87,27320,26974]
[49,20,306709,311709]
[50,254,549853,550353]
[51,144,634966,635102]
[52,92,394689,395689]
[53,231,280290,279290]
[54,95,16308,15808]
[55,273,521232,521199]
[56,115,718063,717063]
[57,104,580751,581524]
[58,103,712384,711884]
[59,262,12646,13146]
[60,122,522871,527871]
[61,174,517543,522543]
[62,145,538726,533726]
[63,139,149267,148267]
[64,116,468914,473914]
[65,3,379255,378745]
[66,279,726073,721073]
[67,148,3286,4286]
[68,251,165900,160900]
[69,105,178547,173547]
[70,228,142148,142648]
[71,274,105421,106570]
[72,270,496253,501253]
[73,231,309110,304110]
[74,237,328722,323722]
[75,47,504792,504292]
[76,198,494371,494957]
[77,161,678860,677860]
[78,94,371950,373035]
[79,132,442961,443242]
[80,109,702628,702128]
[81,120,610282,611282]
[82,270,666704,667563]
[83,203,409917,409695]
[84,87,159117,158617]
[85,28,352302,357302]
[86,190,299169,299669]
[87,156,116849,117320]
[88,34,169948,170448]
[89,87,723103,722603]
[90,35,657059,656069]
[91,261,455019,453899]
[92,0,666286,667286]
[93,275,296010,295010]
[94,35,241552,241380]
[95,156,50190,55190]
[96,32,167040,168040]
[97,205,287033,286422]
[98,125,550002,545002]
[99,160,646801,647801]
[100,12,697726,702726]
[101,155,83833,78833]
[102,133,605198,604198]
[103,199,558187,557187]
[104,14,131485,131767]
[105,141,472350,471055]
[106,82,133510,133713]
[107,46,361894,363302]
[108,60,583438,584438]
[109,224,550170,550579]
[110,183,507001,506001]
[111,214,103143,103643]
[112,61,161120,156120]
[113,100,701711,702711]
[114,242,441772,442272]
[115,259,565778,565278]
[116,163,692907,687907]
[117,191,629544,624544]
[118,124,653712,653950]
[119,132,653592,654092]
[120,36,605324,606324]
[121,122,708467,709467]
[122,183,310817,310317]
[123,4,281034,282034]
[124,118,168536,169536]
[125,97,180544,179544]
[126,132,136457,136957]
[127,196,206731,211731]
[128,40,306173,311173]
[129,108,224791,225291]
[130,148,394867,395367]
[131,13,690938,689605]
[132,25,9173,7912]
[133,48,682222,683014]
[134,77,646862,641862]
[135,214,676511,677511]
[136,42,103843,108843]
[137,181,486707,485707]
[138,207,16111,15111]
[139,251,151440,150940]
[140,168,235463,240463]
[141,207,384452,383976]
[142,153,11376,6376]
[143,17,199649,198649]
[144,246,109517,110510]
[145,8,388687,389906]
[146,235,51190,46190]
[147,185,316377,315877]
[148,226,254633,259633]
[149,266,467781,468781]
[150,20,555248,555748]
[151,79,651628,650628]
[152,63,480991,480685]
[153,276,560293,565293]
[154,99,714220,709220]
[155,64,232194,232694]
[156,172,455108,460108]
[157,77,44992,39992]
[158,23,471849,471349]
[159,9,389860,384860]
[160,182,209114,214114]
[161,133,129676,128749]
[162,210,623382,624820]
[163,68,391999,392999]
[164,234,389108,394108]
[165,240,344272,349272]
[166,267,390289,389750]
[167,53,452636,447636]
[168,45,120989,115989]
[169,227,492407,491907]
[170,81,520938,519455]
[171,92,543807,545044]
[172,107,38879,37879]
[173,157,92242,91242]
[174,143,554522,553522]
[175,149,9057,8923]
[176,254,469540,474540]
[177,108,461552,462552]
[178,94,573473,574454]
[179,203,404278,399278]
[180,116,50016,50516]
[181,7,682306,680851]
[182,258,497132,498132]
[183,67,391765,390993]
[184,120,542145,542645]
[185,224,223185,223685]
[186,26,224416,229416]
[187,96,22978,23478]
[188,79,559948,558981]
[189,188,363479,364637]
[190,50,103452,104059]
[191,279,340268,335268]
[192,218,726261,730993]
[193,51,496605,496080]
[194,256,119598,120401]
[195,258,92978,93133]
[196,90,541616,546616]
[197,17,296747,291747]
[198,60,445342,450342]
[199,110,725518,730518]
[200,128,693123,698123]
[201,26,474836,475836]
[202,136,164061,165061]
[203,167,626500,621500]
[204,270,123711,124711]
[205,120,393413,393913]
[206,245,370367,365367]
[207,208,612144,613144]
[208,78,491406,492805]
[209,157,251500,250053]
[210,43,428556,428099]
[211,254,281232,286232]
[212,232,412423,412923]
[213,58,663213,664213]
[214,39,150478,149478]
[215,143,7735,2735]
[216,17,582145,581145]
[217,74,367636,367837]
[218,39,15832,10832]
[219,138,638763,639763]
[220,15,685717,685217]
[221,269,240455,235455]
[222,93,98608,93608]
[223,23,203052,202552]
[224,214,352030,353030]
[225,77,532045,531489]
[226,243,44964,44464]
[227,173,556014,555014]
[228,212,11576,12076]
[229,70,650340,651340]
[230,85,609563,604563]
[231,226,285748,286248]
[232,40,379356,380511]
[233,270,164335,169335]
[234,202,228388,229864]
[235,27,494580,493580]
[236,124,105932,110932]
[237,148,105660,110660]
[238,0,11822,12322]
[239,94,213325,214325]
[240,229,112120,111925]
[241,24,411763,416763]
[242,63,456713,456213]
[243,242,495003,495647]
[244,220,600893,601893]
[245,6,608428,609428]
[246,113,80976,79976]
[247,245,225464,220464]
[248,253,708220,707720]
[249,54,539131,544131]
[250,262,560476,561644]
[251,162,681101,682101]
[252,133,722388,722162]
[253,69,154203,149203]
[254,70,295428,296428]
[255,244,8834,13834]
[256,52,21157,21663]
[257,255,637142,636642]
[258,40,681234,682520]
[259,56,604187,605187]
[260,86,291163,291442]
[261,204,121301,126301]
[262,50,533198,533847]
[263,68,605672,610672]
[264,184,614506,615006]
[265,236,81393,81727]
[266,215,602015,597015]
[267,127,548255,547255]
[268,205,659014,654014]
[269,206,367452,372452]
[270,9,477628,472628]
[271,218,456944,457944]
[272,216,212918,217918]
[273,156,87596,88096]
[274,60,147832,148332]
[275,168,229225,230229]
[276,8,289746,290246]
[277,7,283731,282731]
[278,212,382475,382975]
[279,139,200658,195658]
[280,20,114016,114516]
[281,111,17690,16690]
[282,199,229994,229608]
[283,70,223451,223951]
[284,56,510079,511079]
[285,130,202810,203830]
[286,192,720838,725838]
[287,136,228307,233307]
[288,13,405619,404619]
[289,167,638219,633219]
[290,89,240920,239920]
[291,38,96443,96943]
[292,228,120081,120581]
[293,171,521256,520256]
[294,227,481066,476066]
[295,229,679876,678876]
[296,240,617163,618163]
[297,130,283911,283975]
[298,240,658072,663072]
[299,0,6028,6528]
[300,89,246948,245948]
[301,127,343391,342391]
[302,228,639196,644196]
[303,119,605279,605183]
[304,239,728573,728073]
[305,265,587150,586650]
[306,76,435072,440072]
[307,175,139255,134255]
[308,136,238057,238557]
[309,136,244085,244585]
[310,97,491033,490033]
[311,97,278650,278155]
[312,223,431545,431045]
[313,106,208858,213858]
[314,65,387661,382661]
[315,203,243317,238317]
[316,151,119619,119119]
[317,47,254427,253374]
[318,190,367747,367928]
[319,260,267568,268568]
[320,205,198185,193185]
[321,272,727138,728138]
[322,37,45076,44576]
[323,205,64109,63109]
[324,130,446533,447033]
[325,62,392068,392568]
[326,137,535228,534654]
[327,209,721966,716966]
[328,201,532656,531885]
[329,205,428532,423532]
[330,183,88301,87704]
[331,228,338372,338872]
[332,224,264006,265006]
[333,157,572800,572300]
[334,166,564642,569642]
[335,46,676104,677104]
[336,253,314946,309946]
[337,107,58136,57674]
[338,189,246614,245614]
[339,46,472941,473441]
[340,256,363544,368544]
[341,204,147646,152646]
[342,20,411652,412700]
[343,169,41017,40517]
[344,191,317778,312778]
[345,199,390122,388699]
[346,109,147410,146410]
[347,221,561459,561184]
[348,163,419123,418623]
[349,16,362239,367239]
[350,226,43268,44268]
[351,36,457226,458226]
[352,191,621630,616630]
[353,154,218836,223836]
[354,92,207894,208894]
[355,11,649139,648139]
[356,121,68555,63555]
[357,214,624739,625739]
[358,39,565617,560617]
[359,160,132833,133333]
[360,114,683619,688619]
[361,87,122037,121537]
[362,13,628498,627498]
[363,259,267258,266258]
[364,137,395021,394521]
[365,87,358212,357212]
[366,228,541851,542851]
[367,86,553313,558313]
[368,108,637213,638037]
[369,195,626660,621660]
[370,181,574785,574285]
[371,269,142552,141552]
[372,154,38056,43056]
[373,133,481620,481039]
[374,218,577147,582147]
[375,158,194609,199609]
[376,220,52350,52850]
[377,215,712054,711554]
[378,122,469388,470517]
[379,4,325911,326097]
[380,258,89228,94228]
[381,219,507267,506636]
[382,111,486948,486448]
[383,254,76744,77244]
[384,204,24252,25252]
[385,254,513612,513753]
[386,152,88195,89689]
[387,15,622954,622454]
[388,172,217372,217800]
[389,206,53827,58827]
[390,17,561463,560463]
[391,58,440714,441714]
[392,178,458577,460065]
[393,111,195500,195104]
[394,128,347876,348876]
[395,152,612796,613296]
[396,19,617264,616109]
[397,169,370465,365465]
[398,217,106183,105183]
[399,40,722980,727980]
[400,265,130020,125020]
[401,87,450300,449300]
[402,26,457533,458533]
[403,90,143504,144885]
[404,59,329189,328360]
[405,32,139940,144940]
[406,67,610237,609737]
[407,202,313139,314139]
[408,263,71368,70368]
[409,213,565747,564784]
[410,17,197342,196842]
[411,46,486908,487908]
[412,187,242085,241085]
[413,6,149708,150208]
[414,22,483799,484799]
[415,55,624240,623740]
[416,274,679207,679707]
[417,197,262353,261353]
[418,180,508445,509511]
[419,212,215400,216429]
[420,204,525175,526569]
[421,256,119009,119267]
[422,213,363127,358127]
[423,108,110933,111433]
[424,35,4179,3679]
[425,29,683386,682886]
[426,226,389969,390969]
[427,279,167921,167421]
[428,265,691381,686381]
[429,216,335550,340550]
[430,192,307813,308303]
[431,118,672910,677910]
[432,204,476768,477768]
[433,32,587701,588701]
[434,67,38110,37110]
[435,96,165726,166726]
[436,43,6426,1426]
[437,194,168847,169686]
[438,90,260405,260861]
[439,180,255247,256247]
[440,19,203498,202998]
[441,105,286644,286144]
[442,265,419571,419071]
[443,264,511800,513012]
[444,233,559583,558583]
[445,202,617512,618512]
[446,5,602966,602466]
[447,104,719191,724191]
[448,141,454317,453817]
[449,193,155794,154794]
[450,84,534516,535516]
[451,62,89667,90667]
[452,47,509738,508738]
[453,184,466269,466769]
[454,106,620552,621052]
[455,191,68807,63807]
[456,108,720756,722218]
[457,10,135476,140476]
[458,23,40023,35023]
[459,217,190318,189818]
[460,173,725334,724334]
[461,235,260254,259731]
[462,180,93330,94603]
[463,165,308736,308441]
[464,229,257495,256288]
[465,118,559684,564684]
[466,0,140891,141391]
[467,24,175914,177247]
[468,114,584703,589703]
[469,181,391136,386136]
[470,204,401605,402605]
[471,104,671660,672160]
[472,29,42425,41425]
[473,61,183024,178024]
[474,273,36659,36159]
[475,264,41574,46574]
[476,264,182465,187465]
[477,8,535103,536103]
[478,121,523790,523290]
[479,128,504817,505817]
[480,242,191805,192305]
[481,79,270218,269718]
[482,127,298105,297105]
[483,212,516974,518091]
[484,168,366565,367867]
[485,225,672315,671815]
[486,234,591691,592691]
[487,97,149629,144629]
[488,75,287269,282269]
[489,106,428500,429000]
[490,62,245343,246125]
[491,15,494219,493208]
[492,135,281022,280522]
[493,254,542660,543660]
[494,33,246742,241742]
[495,30,446020,446520]
[496,113,135377,130377]
[497,150,372340,373340]
[498,236,291324,291824]
[499,166,682601,687601]
[500,89,673192,672692]
[501,257,611779,611631]
[502,114,650897,655897]
[503,240,639287,639787]
[504,273,331759,326759]
[505,175,42256,41786]
[506,15,71054,70125]
[507,210,353951,358951]
[508,186,426937,428393]
[509,267,175363,174863]
[510,244,55500,56000]
[511,82,305672,306672]
[512,192,513478,514478]
[513,76,514899,519899]
[514,111,432480,427480]
[515,250,666189,671189]
[516,31,91501,90390]
[517,27,304985,304485]
[518,76,537650,538150]
[519,63,159244,158244]
[520,179,391468,390468]
[521,133,146871,141871]
[522,46,101079,102433]
[523,225,366374,365374]
[524,49,49536,49180]
[525,218,722706,727706]
[526,30,456866,457866]
[527,95,336850,331850]
[528,116,202780,203780]
[529,124,298939,299939]
[530,122,259708,264708]
[531,73,5491,4991]
[532,89,351014,350798]
[533,62,13506,13995]
[534,8,673528,674528]
[535,138,634032,635354]
[536,214,429501,434501]
[537,136,91175,92528]
[538,227,486364,481364]
[539,221,187803,186803]
[540,15,192794,191794]
[541,256,542592,543092]
[542,162,704495,705495]
[543,269,362308,361308]
[544,155,101471,99995]
[545,255,59050,54050]
[546,242,587964,592964]
[547,65,40569,39395]
[548,104,325536,326536]
[549,135,579623,579123]
[550,107,488380,487880]
[551,239,278405,273405]
[552,154,249160,249660]
[553,248,532671,532835]
[554,46,449819,450765]
[555,57,507317,506317]
[556,115,416708,416208]
[557,167,591140,590640]
[558,249,332715,332281]
[559,84,422396,422896]
[560,204,24812,25812]
[561,207,685703,685170]
[562,145,569926,564926]
[563,221,223589,218589]
[564,272,103025,103270]
[565,134,226825,227884]
[566,54,89031,89866]
[567,160,534279,534763]
[568,201,130869,129869]
[569,223,467735,467235]
[570,120,499490,499727]
[571,255,412503,407503]
[572,108,520889,525889]
[573,177,488149,486815]
[574,86,611182,611434]
[575,123,558181,557576]
[576,125,698296,697796]
[577,199,274395,273395]
[578,14,186360,187360]
[579,134,131581,132081]
[580,143,642728,641728]
[581,93,640470,639470]
[582,187,186467,185967]
[583,6,307891,312891]
[584,60,408498,413498]
[585,55,412805,411805]
[586,83,218711,218396]
[587,253,420744,420244]
[588,268,52335,53335]
[589,274,183916,184916]
[590,10,94650,99650]
[591,255,4311,3126]
[592,17,503297,502297]
[593,77,443571,438571]
[594,43,542001,541001]
[595,124,544324,544824]
[596,51,691799,691173]
[597,128,327865,328365]
[598,143,198255,198114]
[599,137,142375,141375]
[600,64,675084,676533]
[601,75,149859,148452]
[602,173,46569,45540]
[603,156,268318,269318]
[604,44,318653,319153]
[605,268,56838,57838]
[606,116,561428,562428]
[607,259,29048,28548]
[608,160,298142,299142]
[609,97,521954,516954]
[610,176,529343,530343]
[611,272,136312,141312]
[612,166,358577,359577]
[613,255,572573,567573]
[614,188,589899,590744]
[615,265,21265,16265]
[616,101,578305,577693]
[617,156,705198,705698]
[618,6,511373,512373]
[619,72,438363,439363]
[620,157,643317,638317]
[621,142,331803,332303]
[622,67,82683,81805]
[623,279,108901,107901]
[624,50,626072,627161]
[625,190,499900,500900]
[626,58,13845,14845]
[627,26,538509,539188]
[628,147,236553,235757]
[629,180,490460,495460]
[630,42,267993,272993]
[631,109,350798,349798]
[632,257,73377,72377]
[633,275,486377,485377]
[634,126,360373,360873]
[635,102,82068,87068]
[636,31,587229,586729]
[637,225,333308,332964]
[638,199,334752,334252]
[639,99,271174,270442]
[640,138,2521,3997]
[641,155,181305,176305]
[642,252,209016,210009]
[643,246,697822,698822]
[644,68,48896,49318]
[645,223,70807,69807]
[646,271,729641,728641]
[647,62,331899,332899]
[648,162,602342,602842]
[649,176,409784,414784]
[650,171,13754,12754]
[651,144,595820,596820]
[652,112,379000,384000]
[653,230,345828,346328]
[654,171,572322,571449]
[655,226,667745,668245]
[656,90,665392,666392]
[657,152,266297,271297]
[658,186,314369,315193]
[659,65,342285,337285]
[660,194,543436,548436]
[661,172,364055,365233]
[662,197,439376,439271]
[663,96,235202,236202]
[664,111,510960,510460]
[665,43,650768,645768]
[666,8,278031,279031]
[667,119,677321,676321]
[668,198,912,5912]
[669,115,336130,335630]
[670,25,572516,571516]
[671,180,363317,363666]
[672,221,197475,196346]
[673,88,345462,346462]
[674,13,115408,114908]
[675,179,727470,726470]
[676,218,142341,142841]
[677,36,603576,608576]
[678,88,680425,681425]
[679,266,385641,390641]
[680,26,315046,320046]
[681,42,116646,116939]
[682,126,285276,285776]
[683,87,77468,76468]
[684,100,191376,196376]
[685,279,187532,186852]
[686,28,130261,135261]
[687,208,94707,99707]
[688,59,68720,68220]
[689,183,221690,216690]
[690,63,727948,727448]
[691,231,501407,499957]
[692,184,72390,73390]
[693,234,101881,102881]
[694,201,264823,264323]
[695,189,106920,101920]
[696,217,409405,408905]
[697,18,503612,508612]
[698,77,22562,17562]
[699,132,234252,235252]
[700,68,407430,408430]
[701,171,177394,176394]
[702,121,408358,407358]
[703,158,714790,719790]
[704,167,487605,482605]
[705,48,613997,614497]
[706,18,697036,702036]
[707,115,428082,427582]
[708,169,109514,108514]
[709,16,679742,680742]
[710,113,617280,616780]
[711,94,590544,591044]
[712,71,360255,359755]
[713,240,468134,473134]
[714,235,213425,208425]
[715,185,84246,83607]
[716,188,342591,343134]
[717,226,473504,474004]
[718,192,30305,30805]
[719,138,552352,553352]
[720,177,197066,196566]
[721,235,18318,17174]
[722,202,400544,401044]
[723,249,517681,512681]
[724,15,635786,635704]
[725,137,629472,628719]
[726,158,222683,223683]
[727,223,552101,547101]
[728,23,266498,265998]
[729,89,601744,601675]
[730,228,304351,304851]
[731,234,171946,172446]
[732,171,605990,604751]
[733,44,646203,646703]
[734,166,232473,232973]
[735,241,557186,552186]
[736,263,615409,614409]
[737,68,706937,707937]
[738,164,620823,625823]
[739,5,177339,177006]
[740,250,476735,477235]
[741,158,705548,706255]
[742,91,286433,286102]
[743,76,506201,506701]
[744,108,246282,251282]
[745,19,386771,385771]
[746,152,341368,346368]
[747,181,8939,8692]
[748,44,410294,415294]
[749,149,519106,514106]
[750,209,240594,235594]
[751,160,561833,562833]
[752,212,49468,49968]
[753,161,1899,1399]
[754,269,429405,424405]
[755,160,79183,79468]
[756,265,552553,547553]
[757,23,54847,49847]
[758,67,637365,636865]
[759,89,424977,419977]
[760,18,655571,656071]
[761,51,491410,486410]
[762,263,717602,712602]
[763,16,714001,714049]
[764,252,71581,76581]
[765,235,452721,452401]
[766,10,172212,172712]
[767,31,22532,21930]
[768,92,342492,343945]
[769,35,192012,191686]
[770,116,395709,396709]
[771,244,571334,576334]
[772,191,630111,629611]
[773,164,146922,151922]
[774,271,50053,45053]
[775,212,490738,491238]
[776,48,255275,255775]
[777,103,102908,102408]
[778,248,369517,370682]
[779,90,100227,101227]
[780,78,672660,677660]
[781,195,513500,513000]
[782,106,588341,588841]
[783,142,4270,5274]
[784,41,556089,551089]
[785,41,97749,92749]
[786,225,388333,387333]
[787,1,168697,167697]
[788,144,651371,651871]
[789,234,20604,21604]
[790,185,693764,693264]
[791,100,651995,652495]
[792,206,509342,510342]
[793,69,690836,690336]
[794,203,9666,8666]
[795,13,730451,725451]
[796,279,413440,412248]
[797,133,591186,586186]
[798,150,506563,511563]
[799,256,703891,704391]
[800,161,112392,111892]
[801,261,33393,32893]
[802,188,718959,719959]
[803,129,679302,678302]
[804,204,132698,137698]
[805,217,127655,127155]
[806,88,716128,716218]
[807,163,581740,576740]
[808,185,353309,352309]
[809,162,325207,326207]
[810,43,438099,437099]
[811,25,647716,646716]
[812,85,635065,634681]
[813,219,385380,380380]
[814,81,652992,652283]
[815,175,177855,176855]
[816,31,59043,58543]
[817,131,60402,55402]
[818,44,445333,445833]
[819,7,593260,592954]
[820,113,347546,347046]
[821,118,346495,346995]
[822,101,60043,58689]
[823,233,51171,50171]
[824,180,691192,691692]
[825,215,587464,586353]
[826,21,277134,276134]
[827,123,135321,134821]
[828,235,672662,672162]
[829,263,185615,184615]
[830,187,344920,343783]
[831,151,464513,464013]
[832,59,348061,343061]
[833,48,496846,501846]
[834,168,143984,148984]
[835,145,183748,182748]
[836,38,458882,463882]
[837,162,39433,44433]
[838,269,716596,711596]
[839,124,341941,342785]
[840,274,307428,308428]
[841,18,40447,41447]
[842,77,560749,560232]
[843,102,134342,135342]
[844,139,717996,712996]
[845,27,147979,147479]
[846,25,136905,131905]
[847,179,381113,380613]
[848,239,201793,201293]
[849,50,451094,451594]
[850,196,27528,28528]
[851,214,244700,245383]
[852,234,293026,293526]
[853,57,428368,427368]
[854,68,586094,586989]
[855,173,338516,338016]
[856,52,438554,439063]
[857,74,57574,58074]
[858,187,226888,221888]
[859,203,518230,517657]
[860,207,508397,507897]
[861,243,32565,27565]
[862,147,227655,226766]
[863,226,293689,294189]
[864,41,296769,296269]
[865,34,607477,608564]
[866,135,600117,599617]
[867,119,730993,730544]
[868,142,709320,710320]
[869,45,504719,503719]
[870,192,599459,599959]
[871,13,434857,433955]
[872,66,418070,423070]
[873,102,473615,474115]
[874,31,317905,312905]
[875,36,590750,592141]
[876,230,471091,472583]
[877,20,631639,636639]
[878,41,199552,198120]
[879,6,608612,613612]
[880,19,493298,488298]
[881,63,80578,75578]
[882,54,687542,688860]
[883,207,454595,454095]
[884,244,313851,313958]
[885,51,198081,193081]
[886,266,440673,441441]
[887,12,549749,550249]
[888,27,268477,267977]
[889,257,442097,441597]
[890,11,390114,389656]
[891,176,212965,213965]
[892,6,700201,705201]
[893,206,510165,510665]
[894,14,187064,187829]
[895,233,640983,640483]
[896,20,622976,623476]
[897,182,261174,262311]
[898,18,564875,565375]
[899,211,665116,663628]
[900,206,144507,145507]
[901,200,555026,555526]
[902,270,148600,148932]
[903,246,338556,343556]
[904,211,245800,245611]
[905,111,432229,431729]
[906,165,139108,138633]
[907,206,286994,287103]
[908,261,675107,673758]
[909,178,643438,644710]
[910,157,425480,424980]
[911,80,538364,538822]
[912,262,288216,289216]
[913,18,93964,94964]
[914,91,105458,100458]
[915,279,554571,553571]
[916,77,287296,286296]
[917,238,128379,128586]
[918,138,721197,722197]
[919,270,78231,83231]
[920,264,668308,669318]
[921,197,391646,390793]
[922,123,465305,464305]
[923,136,588146,588222]
[924,103,650719,650219]
[925,52,382245,383245]
[926,162,510624,511124]
[927,71,361772,356772]
[928,117,282985,282262]
[929,98,634905,639905]
[930,111,626960,626460]
[931,234,351962,353137]
[932,263,26512,25301]
[933,93,694989,694489]
[934,5,615381,614669]
[935,134,702623,703558]
[936,121,126005,121005]
[937,108,641872,646872]
[938,78,545784,546284]
[939,189,618474,617974]
[940,143,415806,415666]
[941,66,605120,610120]
[942,209,179308,178308]
[943,185,140507,140007]
[944,196,96938,101938]
[945,65,506801,506301]
[946,58,627306,632306]
[947,166,714908,715408]
[948,117,707422,706422]
[949,26,39133,40133]
[950,42,631523,632523]
[951,152,110077,110383]
[952,236,188723,189104]
[953,121,589806,588806]
[954,5,301690,296690]
[955,120,557372,558372]
[956,148,633851,634223]
[957,205,511760,511432]
[958,107,72166,71666]
[959,21,704189,703189]
[960,173,259497,258997]
[961,252,115703,116203]
[962,279,437511,436511]
[963,227,510700,505700]
[964,230,294901,299901]
[965,84,485962,490962]
[966,137,232559,227559]
[967,63,185722,184722]
[968,233,528298,527787]
[969,274,49049,54049]
[970,39,308857,308046]
[971,157,429689,428877]
[972,84,257220,258220]
[973,134,111286,116286]
[974,176,522725,523225]
[975,86,106026,107026]
[976,268,473613,473925]
[977,195,493266,492266]
[978,256,333228,333728]
[979,131,310822,305822]
[980,118,20839,21339]
[981,157,171414,166414]
[982,241,600426,600359]
[983,67,112855,111539]
[984,185,567768,567389]
[985,241,533746,528746]
[986,243,590430,589953]
[987,268,611015,612015]
[988,119,186343,185843]
[989,237,383907,383407]
[990,266,726545,730993]
[991,99,600910,595910]
[992,66,22292,22893]
[993,272,679237,684237]
[994,127,501710,500278]
[995,102,238807,239052]
[996,228,714731,715662]
[997,62,428628,429628]
[998,19,82041,81041]
[999,5,253817,253317]
[1000,104,118233,123233]
