["head":"wrap","lpos","status"]
[10,543569,1]
["io count"]
[1000]
["io":"id","wrap","startLpos","endLpos"]
[1,165,100092,95092]
[2,26,510997,512258]
[3,35,114791,113716]
[4,254,342126,347126]
[5,46,125097,125397]
[6,277,394548,389548]
[7,135,45351,44851]
[8,71,274436,273005]
[9,24,492348,492848]
[10,61,592440,587440]
[11,87,545167,544167]
[12,198,523098,524098]
[13,181,143872,143372]
[14,30,9770,14770]
[15,185,224309,219309]
[16,183,609358,608858]
[17,38,653709,654209]
[18,262,195721,196924]
[19,75,572871,567871]
[20,136,601041,601541]
[21,95,595939,590939]
[22,166,559767,560984]
[23,47,176199,175199]
[24,101,332164,331671]
[25,159,456252,455252]
[26,211,140726,135726]
[27,239,545514,544514]
[28,258,473048,473548]
[29,247,271898,271398]
[30,161,443028,442528]
[31,136,111148,116148]
[32,79,476416,475416]
[33,279,651725,650615]
[34,93,185444,184112]
[35,64,59072,59572]
[36,32,591049,591634]
[37,124,649386,650239]
[38,113,402241,401241]
[39,274,112775,113775]
[40,2,400648,401180]
[41,248,516541,517541]
[42,131,392444,391444]
[43,96,21286,22286]
[44,221,107380,106380]
[45,277,504424,503924]
[46,164,160719,161719]
[47,30,290562,295562]
[48,16,691803,693115]
[49,57,237489,236489]
[50,181,142775,141546]
[51,21,548274,547774]
[52,53,458083,457083]
[53,219,728922,723922]
[54,169,495886,495564]
[55,188,452409,453409]
[56,177,483202,478202]
[57,91,183237,182244]
[58,176,126442,126942]
[59,61,46905,46405]
[60,180,288162,293162]
[61,100,594611,595205]
[62,116,124583,125083]
[63,178,369964,370464]
[64,109,566000,565000]
[65,204,13038,18038]
[66,74,659356,664356]
[67,88,535489,536489]
[68,265,108662,107662]
[69,198,330791,331791]
[70,99,64843,64684]
[71,163,553581,552581]
[72,151,127894,122894]
[73,201,497858,492858]
[74,182,503589,503947]
[75,197,51292,50292]
[76,53,387346,386346]
[77,52,461861,466861]
[78,124,513326,514326]
[79,18,128017,128517]
[80,186,518293,519594]
[81,150,44299,44799]
[82,220,675225,676225]
[83,82,550715,552186]
[84,177,650497,645497]
[85,67,137287,136716]
[86,264,252420,252920]
[87,134,408744,413744]
[88,51,342590,341590]
[89,91,339620,339120]
[90,51,269951,264951]
[91,28,203489,208489]
[92,139,119712,118712]
[93,32,118785,123785]
[94,81,211013,210013]
[95,148,523453,523953]
[96,211,87645,87145]
[97,219,24446,23446]
[98,193,250984,250691]
[99,239,409744,409634]
[100,249,400826,395826]
[101,35,436922,435922]
[102,9,500835,499835]
[103,51,361274,360160]
[104,181,94514,94065]
[105,115,278375,273375]
[106,206,473545,474617]
[107,16,6160,6935]
[108,114,259576,260576]
[109,236,101132,102623]
[110,237,305530,305030]
[111,134,444418,445260]
[112,237,41715,40425]
[113,225,600791,600039]
[114,95,644042,642562]
[115,46,211725,212225]
[116,33,106536,105389]
[117,196,415211,415711]
[118,244,166586,167586]
[119,212,537202,537996]
[120,50,592554,593991]
[121,245,539530,539030]
[122,14,14227,19227]
[123,109,103519,102519]
[124,31,670547,669547]
[125,200,147476,147976]
[126,75,62206,61706]
[127,34,77068,77568]
[128,8,75215,76215]
[129,262,555982,556814]
[130,246,104831,105331]
[131,84,89591,90091]
[132,98,103818,104336]
[133,204,329368,330307]
[134,205,5267,4767]
[135,109,340946,340446]
[136,82,537066,537566]
[137,18,169278,170278]
[138,39,516417,515417]
[139,195,314919,314419]
[140,162,136883,137383]
[141,257,37740,32740]
[142,151,129473,124473]
[143,227,635565,630565]
[144,227,679301,678301]
[145,55,172746,172246]
[146,223,302724,302224]
[147,163,221779,220779]
[148,256,92380,92880]
[149,25,173614,172469]
[150,127,404995,403995]
[151,256,613459,613959]
[152,0,6938,11938]
[153,227,83733,83233]
[154,174,30540,35540]
[155,229,384511,379511]
[156,44,127465,132465]
[157,79,349519,348244]
[158,99,578379,577379]
[159,64,290221,295221]
[160,64,694216,694716]
[161,40,22411,22911]
[162,40,29349,34349]
[163,268,112582,112914]
[164,151,23091,22591]
[165,220,102473,102973]
[166,129,5121,4621]
[167,50,75039,75860]
[168,56,35534,36534]
[169,183,274179,273179]
[170,241,249017,244017]
[171,266,407381,412381]
[172,5,184165,179165]
[173,278,692338,693338]
[174,21,715929,714929]
[175,113,264132,263132]
[176,114,444478,445478]
[177,36,519517,520517]
[178,57,618665,617665]
[179,15,275541,275041]
[180,36,72362,72770]
[181,219,560024,559024]
[182,96,183920,184056]
[183,40,101370,101756]
[184,13,544478,539478]
[185,47,660763,660263]
[186,212,116581,116978]
[187,53,311911,311183]
[188,210,637645,638145]
[189,162,58295,58718]
[190,137,92614,87614]
[191,1,262371,261871]
[192,42,363242,363742]
[193,200,453881,454381]
[194,150,56784,57125]
[195,257,296263,291263]
[196,134,724764,725764]
[197,249,1633,806]
[198,96,3818,4318]
[199,43,354677,353677]
[200,63,67596,67167]
[201,230,696515,696613]
[202,169,104402,99402]
[203,191,161187,156187]
[204,82,223544,224544]
[205,25,455656,454656]
[206,186,130524,131524]
[207,22,444037,445037]
[208,20,261575,262575]
[209,271,142662,142162]
[210,185,270864,269719]
[211,60,416536,417536]
[212,101,516192,515939]
[213,104,447989,448209]
[214,242,29314,34314]
[215,163,693197,692697]
[216,228,347863,347945]
[217,245,701284,700376]
[218,195,177775,176775]
[219,6,393521,394021]
[220,67,256787,255787]
[221,168,40732,41732]
[222,53,340312,335312]
[223,21,123442,122442]
[224,13,364729,364229]
[225,64,182269,183269]
[226,9,621297,621071]
[227,67,241034,240520]
[228,97,373260,372260]
[229,148,492803,493303]
[230,154,402350,402850]
[231,142,620189,625189]
[232,259,555957,555024]
[233,127,301000,296000]
[234,11,291597,291097]
[235,276,634056,635056]
[236,243,52547,52047]
[237,269,551127,549890]
[238,100,473394,473723]
[239,180,383473,383973]
[240,172,558994,559802]
[241,255,246265,245265]
[242,248,328810,333810]
[243,259,338073,336840]
[244,116,407109,407609]
[245,80,635880,636380]
[246,221,455756,454776]
[247,51,578413,577913]
[248,12,333173,334173]
[249,140,660804,661804]
[250,100,692692,693192]
[251,209,257194,256194]
[252,166,469144,469644]
[253,6,65473,65707]
[254,258,546271,551271]
[255,229,152619,152119]
[256,179,257139,256639]
[257,102,280282,280782]
[258,115,64186,59186]
[259,127,720189,719990]
[260,204,400692,401692]
[261,128,452947,453851]
[262,193,85801,85667]
[263,219,283588,282272]
[264,43,437054,432054]
[265,222,134423,139423]
[266,197,415888,414706]
[267,74,462897,463241]
[268,204,644783,645283]
[269,184,197724,198724]
[270,269,214469,214105]
[271,68,527825,532825]
[272,159,80103,79103]
[273,197,361798,361298]
[274,123,191474,190474]
[275,142,389289,390289]
[276,261,448893,448101]
[277,7,43771,38771]
[278,10,251532,252304]
[279,237,621078,620078]
[280,44,213373,214373]
[281,95,271825,271325]
[282,112,432489,437489]
[283,172,471437,472437]
[284,47,90628,90538]
[285,50,340668,345668]
[286,229,253236,252236]
[287,105,663224,661983]
[288,136,168575,173575]
[289,40,505956,510956]
[290,127,593839,588839]
[291,245,157847,152847]
[292,200,69083,70202]
[293,127,163450,162122]
[294,196,667745,668439]
[295,7,327421,326707]
[296,154,352090,353090]
[297,162,520665,521178]
[298,253,549977,544977]
[299,12,78989,79627]
[300,158,172795,173795]
[301,37,272708,272208]
[302,115,463423,462160]
[303,63,315746,310746]
[304,222,83183,84183]
[305,78,517604,518104]
[306,95,705816,705544]
[307,127,492651,492151]
[308,50,91353,91682]
[309,45,12623,11623]
[310,31,698407,696962]
[311,89,193509,188509]
[312,273,33651,33151]
[313,211,246267,245767]
[314,28,364538,369538]
[315,268,556719,561719]
[316,268,728934,730993]
[317,113,715632,715132]
[318,250,603595,604595]
[319,16,60949,65949]
[320,199,31917,26917]
[321,86,286077,287026]
[322,46,329922,330922]
[323,129,22420,21420]
[324,29,563500,562682]
[325,3,630436,625436]
[326,107,410585,410538]
[327,100,566837,567864]
[328,1,657984,657484]
[329,72,130131,135131]
[330,159,593932,592932]
[331,180,474174,479174]
[332,217,56999,51999]
[333,183,490209,489709]
[334,246,177897,178785]
[335,257,472531,472031]
[336,120,464970,465470]
[337,233,335511,330511]
[338,235,438725,433725]
[339,179,10087,9587]
[340,210,602519,603519]
[341,110,522424,522642]
[342,23,188171,188049]
[343,161,586048,585779]
[344,170,846,1346]
[345,274,581258,586258]
[346,71,443744,443244]
[347,177,192707,191707]
[348,267,454536,449536]
[349,263,167597,167097]
[350,140,513473,513973]
[351,192,423707,423818]
[352,20,59370,60832]
[353,171,690698,690198]
[354,200,426342,431342]
[355,196,73186,74186]
[356,170,50542,55542]
[357,99,639348,638348]
[358,80,504746,505246]
[359,119,243670,242670]
[360,140,503018,504018]
[361,210,52526,57526]
[362,102,288620,289620]
[363,216,481479,482479]
[364,68,120915,121915]
[365,67,518834,518334]
[366,8,628002,633002]
[367,255,380108,375108]
[368,80,571750,572750]
[369,41,381951,381219]
[370,183,142869,142306]
[371,104,559535,560035]
[372,182,697587,698087]
[373,23,241572,240572]
[374,193,210400,209900]
[375,23,252914,252414]
[376,23,522627,522194]
[377,175,658226,657440]
[378,33,235767,234640]
[379,122,608533,613533]
[380,107,427246,425819]
[381,167,588426,587926]
[382,63,98505,97505]
[383,128,484129,485129]
[384,151,183273,182273]
[385,174,150197,151197]
[386,170,118532,119532]
[387,65,396202,391202]
[388,156,126436,127436]
[389,278,3975,5312]
[390,1,53722,52722]
[391,168,86379,87379]
[392,103,365608,360608]
[393,231,115135,113743]
[394,92,5734,6734]
[395,119,540323,539469]
[396,166,94954,95454]
[397,24,694304,699304]
[398,209,221198,216198]
[399,36,464896,465347]
[400,49,437819,437319]
[401,210,501693,502193]
[402,20,553944,554944]
[403,95,182997,181997]
[404,219,662620,662120]
[405,25,19819,14819]
[406,63,110953,109773]
[407,38,609121,610121]
[408,192,32671,37671]
[409,196,62740,63740]
[410,245,677784,676784]
[411,175,625207,624207]
[412,67,452157,447157]
[413,162,74884,75378]
[414,138,597355,598140]
[415,66,18926,19926]
[416,133,485662,485324]
[417,216,292147,297147]
[418,166,492056,492556]
[419,47,84987,79987]
[420,176,133897,134002]
[421,224,263943,264932]
[422,219,710084,709084]
[423,230,21175,21675]
[424,17,680405,675405]
[425,118,326200,327200]
[426,129,587117,586117]
[427,77,325374,324435]
[428,133,437434,432434]
[429,112,483382,484875]
[430,195,275092,270092]
[431,194,392807,397807]
[432,176,99622,100122]
[433,213,583162,582162]
[434,189,176410,175910]
[435,17,609431,608431]
[436,236,392480,397480]
[437,165,386548,386499]
[438,49,350995,350936]
[439,81,367808,362808]
[440,105,115557,115057]
[441,260,206133,206633]
[442,240,264501,269501]
[443,68,310990,312111]
[444,256,211384,216384]
[445,190,233445,234083]
[446,134,322004,322504]
[447,153,591668,586668]
[448,156,49449,50134]
[449,54,663695,664195]
[450,6,580127,580292]
[451,154,103582,104582]
[452,94,414572,415072]
[453,77,513731,513231]
[454,212,521147,522147]
[455,31,475011,474511]
[456,177,171577,170577]
[457,245,45855,40855]
[458,133,627655,626655]
[459,59,560356,559356]
[460,65,585713,585213]
[461,200,72855,77855]
[462,269,159214,158714]
[463,29,642595,641153]
[464,55,456182,454794]
[465,194,8769,9269]
[466,35,11937,10937]
[467,31,281727,276727]
[468,262,437954,438954]
[469,122,55405,56392]
[470,245,665034,663847]
[471,165,196045,195459]
[472,144,643195,643695]
[473,72,366995,367495]
[474,30,11037,11093]
[475,73,466100,465600]
[476,104,11333,16333]
[477,86,626011,626511]
[478,80,681416,681503]
[479,109,335398,330398]
[480,228,615471,616281]
[481,234,574644,575348]
[482,108,254148,259148]
[483,138,265186,270186]
[484,177,95843,90843]
[485,37,684693,679693]
[486,3,466409,465409]
[487,7,189071,184071]
[488,242,420892,421097]
[489,177,26974,26474]
[490,196,1426,6426]
[491,232,442849,443849]
[492,212,142727,143318]
[493,37,638103,637603]
[494,74,63282,64282]
[495,87,231788,231288]
[496,186,471035,471535]
[497,237,111935,106935]
[498,160,490459,491456]
[499,201,288208,287208]
[500,113,287840,282840]
[501,132,153429,158429]
[502,77,546691,545691]
[503,267,630024,629024]
[504,213,697306,692306]
[505,21,193409,192600]
[506,166,551517,552517]
[507,243,21217,20217]
[508,204,598565,603565]
[509,125,332623,331503]
[510,39,490289,485289]
[511,183,89494,88994]
[512,230,383353,384197]
[513,183,276895,276766]
[514,5,434091,433591]
[515,237,544323,542957]
[516,203,670886,669469]
[517,86,602357,603357]
[518,43,537608,536434]
[519,2,459688,460688]
[520,262,186172,186281]
[521,57,699906,694906]
[522,193,28679,28179]
[523,71,462270,461770]
[524,28,450458,450958]
[525,174,478723,479723]
[526,261,105432,105208]
[527,273,491458,486458]
[528,253,483758,483258]
[529,195,698562,693562]
[530,201,559519,554519]
[531,130,518431,518931]
[532,43,723834,723334]
[533,266,630835,631835]
[534,14,350299,351299]
[535,60,274752,279752]
[536,41,557684,556684]
[537,107,27308,25986]
[538,181,421143,416143]
[539,96,378711,379711]
[540,169,380072,378961]
[541,62,217321,222321]
[542,71,358238,357238]
[543,194,653113,653954]
[544,70,472354,473354]
[545,264,660489,660576]
[546,41,688433,687933]
[547,15,534639,534274]
[548,188,294889,299889]
[549,77,120580,119580]
[550,120,462702,463702]
[551,207,421619,420619]
[552,152,278377,283377]
[553,111,663658,663158]
[554,131,37927,37427]
[555,65,146105,145105]
[556,106,278768,279768]
[557,273,82549,82049]
[558,258,565983,566983]
[559,89,4805,3805]
[560,242,85411,85911]
[561,223,146358,145358]
[562,144,604582,605582]
[563,2,537184,538428]
[564,63,317349,312349]
[565,0,634178,635166]
[566,128,40502,41321]
[567,133,644896,643878]
[568,39,280020,279520]
[569,1,365431,364931]
[570,97,511290,510290]
[571,241,565602,560602]
[572,116,366792,371792]
[573,70,577938,578938]
[574,113,193028,191718]
[575,197,722003,721003]
[576,168,430735,435735]
[577,118,706450,706950]
[578,29,255476,254976]
[579,183,66137,65637]
[580,0,21657,26657]
[581,113,582760,582260]
[582,229,223058,218058]
[583,172,241726,243033]
[584,255,506274,505274]
[585,172,672008,677008]
[586,60,371749,372249]
[587,51,348205,347205]
[588,232,47911,48911]
[589,135,118548,113548]
[590,135,135706,135206]
[591,121,717966,717466]
[592,70,381254,381748]
[593,81,35264,34758]
[594,269,98707,98207]
[595,163,104113,103613]
[596,272,190884,191539]
[597,89,47930,47430]
[598,54,412343,412843]
[599,76,346963,351963]
[600,16,409152,409652]
[601,277,426956,425956]
[602,200,87927,92927]
[603,58,170236,175236]
[604,47,273443,268443]
[605,82,548781,553781]
[606,226,8671,13671]
[607,81,81792,76792]
[608,113,365086,364086]
[609,250,677227,677727]
[610,84,327903,328403]
[611,145,162558,162488]
[612,254,644842,645342]
[613,33,89084,84084]
[614,232,529252,529752]
[615,187,352039,347039]
[616,133,532934,532434]
[617,215,614226,609226]
[618,200,242318,242818]
[619,170,365275,365775]
[620,127,694179,693179]
[621,144,124673,125173]
[622,266,367006,367506]
[623,14,370493,370993]
[624,28,474345,479345]
[625,256,251892,252892]
[626,194,355108,356108]
[627,79,699626,698729]
[628,7,5036,4036]
[629,50,369311,374311]
[630,49,508723,508220]
[631,266,549635,549671]
[632,199,199596,198113]
[633,93,10204,5204]
[634,221,257344,257097]
[635,25,92781,87781]
[636,112,580492,580992]
[637,119,31258,30258]
[638,41,399760,399570]
[639,86,225308,225340]
[640,141,635058,634558]
[641,60,101677,102743]
[642,84,413838,418838]
[643,25,117665,116665]
[644,33,179600,174600]
[645,271,377421,376994]
[646,263,172661,171661]
[647,25,17461,16961]
[648,267,371787,370482]
[649,136,444982,445982]
[650,17,538783,537783]
[651,248,86011,87011]
[652,78,286661,286694]
[653,48,511852,512852]
[654,227,392809,391809]
[655,14,101375,102375]
[656,195,466788,461788]
[657,173,638512,637512]
[658,109,308051,307551]
[659,117,26540,21540]
[660,6,559323,559538]
[661,266,366478,367478]
[662,181,492412,491791]
[663,251,163752,163252]
[664,87,568034,563034]
[665,250,217079,222079]
[666,122,49887,50465]
[667,202,266378,271378]
[668,43,364219,359219]
[669,129,293958,292928]
[670,127,628033,627533]
[671,52,450988,451488]
[672,191,588549,588503]
[673,128,2622,7622]
[674,214,214186,215186]
[675,88,509992,514992]
[676,135,536093,535593]
[677,163,314966,314475]
[678,121,590168,589168]
[679,188,282498,282998]
[680,241,519531,519031]
[681,67,516861,516361]
[682,146,408794,409294]
[683,274,411417,416417]
[684,209,71520,71333]
[685,30,94417,95417]
[686,239,555095,554595]
[687,86,726261,727261]
[688,79,589435,584435]
[689,267,140940,135940]
[690,100,654971,656090]
[691,28,622255,623255]
[692,148,693105,693605]
[693,175,183041,182041]
[694,207,596406,591406]
[695,109,686761,685823]
[696,214,102086,107086]
[697,19,47483,46483]
[698,73,716558,716058]
[699,267,193642,193142]
[700,122,708139,708529]
[701,140,145912,150912]
[702,47,136290,131290]
[703,216,364377,365377]
[704,144,229932,234932]
[705,265,93875,88875]
[706,200,367685,368185]
[707,91,415169,414169]
[708,36,575957,576957]
[709,23,39105,38105]
[710,17,15751,15251]
[711,39,60881,60381]
[712,210,67623,68623]
[713,20,256905,261905]
[714,165,488324,483324]
[715,11,115301,110301]
[716,77,70979,69979]
[717,17,161803,156803]
[718,214,601759,602934]
[719,3,60639,60139]
[720,20,75390,75890]
[721,212,135771,136271]
[722,14,380118,381118]
[723,34,637024,637524]
[724,71,571078,566078]
[725,82,676379,676879]
[726,31,197089,192089]
[727,48,525616,526116]
[728,134,573105,573605]
[729,229,452363,451084]
[730,95,581275,580275]
[731,27,717046,716046]
[732,41,365416,365171]
[733,175,641179,636179]
[734,5,438939,438439]
[735,22,190186,191075]
[736,100,599279,599987]
[737,185,33619,33119]
[738,134,484203,484298]
[739,24,396286,396786]
[740,203,559063,558063]
[741,244,368964,369464]
[742,191,264048,262619]
[743,10,467621,468621]
[744,184,657807,658307]
[745,204,362641,364024]
[746,15,542854,537854]
[747,212,20202,20702]
[748,223,635443,634943]
[749,58,235123,235623]
[750,157,219361,218861]
[751,115,166633,166133]
[752,120,195315,196315]
[753,2,662936,663514]
[754,279,503201,498201]
[755,246,343907,348907]
[756,261,327991,327491]
[757,193,348194,347694]
[758,9,429367,428367]
[759,219,110221,109221]
[760,96,328082,329082]
[761,83,495215,494215]
[762,75,690559,689530]
[763,198,288624,289003]
[764,153,221558,221094]
[765,32,127943,128443]
[766,244,464116,469116]
[767,173,41069,40069]
[768,250,537352,542352]
[769,143,502770,497770]
[770,224,113563,118563]
[771,150,798,1298]
[772,257,706408,705103]
[773,137,523374,522874]
[774,151,671228,670228]
[775,183,68177,67177]
[776,19,708449,708017]
[777,235,367750,362750]
[778,137,666901,665901]
[779,8,389415,394415]
[780,113,53375,52875]
[781,14,28320,29320]
[782,15,625737,625237]
[783,152,417117,417617]
[784,23,357351,356351]
[785,78,600252,605252]
[786,98,23006,24006]
[787,162,216823,221823]
[788,69,217998,216998]
[789,118,160674,165674]
[790,264,394638,399638]
[791,0,629400,634400]
[792,273,108277,107277]
[793,153,545800,545300]
[794,226,325027,325527]
[795,3,63706,63206]
[796,74,656584,657084]
[797,63,221757,220416]
[798,171,138440,133440]
[799,162,470838,471838]
[800,146,134482,134799]
[801,182,64767,65267]
[802,154,30468,35468]
[803,150,590010,590510]
[804,169,221789,220640]
[805,35,87018,86489]
[806,277,642186,641338]
[807,225,25299,24299]
[808,259,500137,495137]
[809,126,75350,76350]
[810,145,289962,284962]
[811,157,48082,47582]
[812,195,360502,355502]
[813,179,435180,434180]
[814,39,22293,21793]
[815,252,265991,267122]
[816,47,425712,425212]
[817,144,626235,627235]
[818,124,567103,567465]
[819,219,332239,330754]
[820,6,626652,631652]
[821,6,23222,28222]
[822,168,118221,118721]
[823,165,400864,395864]
[824,197,205926,205727]
[825,268,11720,12760]
[826,82,154113,155113]
[827,78,721216,721716]
[828,200,78405,78905]
[829,211,633274,628274]
[830,228,671456,671956]
[831,32,339147,340147]
[832,15,446017,441017]
[833,190,10411,10911]
[834,209,577790,576790]
[835,69,589010,588510]
[836,42,567601,568601]
[837,235,542487,542331]
[838,246,70734,71234]
[839,177,145874,144739]
[840,191,363677,362677]
[841,132,63208,64208]
[842,162,519367,520034]
[843,203,92940,92440]
[844,244,414785,415285]
[845,80,489127,489447]
[846,127,27213,26213]
[847,183,632195,627195]
[848,231,696144,694996]
[849,26,561330,566330]
[850,55,436409,431409]
[851,252,188235,189235]
[852,231,686966,686466]
[853,139,300000,299500]
[854,269,678769,677769]
[855,8,161650,163017]
[856,155,63206,58206]
[857,158,389596,394596]
[858,187,135231,134731]
[859,85,146792,141792]
[860,140,573201,574201]
[861,265,212166,207166]
[862,88,162638,163468]
[863,49,582019,581019]
[864,48,640416,641416]
[865,38,60421,61421]
[866,66,295352,295466]
[867,22,17447,18055]
[868,242,284712,285212]
[869,200,636379,637298]
[870,86,456575,457075]
[871,46,64943,65679]
[872,126,16910,17114]
[873,139,220991,219991]
[874,2,355002,355812]
[875,269,489757,488757]
[876,67,70955,69955]
[877,181,355667,354667]
[878,101,260552,260052]
[879,23,654669,654040]
[880,37,21790,16790]
[881,183,166827,166327]
[882,11,726097,724777]
[883,58,3880,8880]
[884,81,86503,85164]
[885,185,226926,226426]
[886,50,250629,251530]
[887,121,104268,102962]
[888,254,45850,46171]
[889,91,317487,316949]
[890,221,566549,566298]
[891,62,590458,591918]
[892,3,715935,714733]
[893,13,521680,521180]
[894,63,41315,40815]
[895,247,508132,507632]
[896,278,64512,69512]
[897,161,111757,106757]
[898,124,423706,424706]
[899,142,478000,478105]
[900,37,542087,541797]
[901,117,225993,225777]
[902,135,364152,359152]
[903,232,153354,153854]
[904,152,723011,728011]
[905,56,478953,479953]
[906,238,457470,462470]
[907,24,498628,499628]
[908,157,215484,214484]
[909,112,506540,511540]
[910,129,663059,658059]
[911,118,152842,153842]
[912,235,430434,425434]
[913,37,238082,233082]
[914,257,528236,527236]
[915,24,302318,307318]
[916,217,493054,492054]
[917,179,35953,35697]
[918,112,290348,291348]
[919,97,67072,65894]
[920,179,541681,540681]
[921,240,163055,163555]
[922,28,498029,499029]
[923,48,78639,78831]
[924,192,201007,201507]
[925,34,177800,182800]
[926,63,724537,723537]
[927,275,427392,422392]
[928,123,307734,306633]
[929,145,665153,664653]
[930,74,577066,577566]
[931,193,574538,574038]
[932,218,504796,505296]
[933,185,283979,283479]
[934,249,661710,661210]
[935,4,108016,108533]
[936,193,274858,269858]
[937,165,41298,40298]
[938,227,421413,416413]
[939,244,350073,350211]
[940,89,27055,26555]
[941,48,22998,27998]
[942,240,622936,623436]
[943,83,161625,160625]
[944,33,401369,400369]
[945,155,726684,725684]
[946,68,264549,264673]
[947,67,211805,210805]
[948,241,23565,22565]
[949,264,423092,424175]
[950,58,531161,532161]
[951,222,729886,730886]
[952,238,9898,10398]
[953,71,39721,38721]
[954,65,672329,671829]
[955,61,81762,80762]
[956,266,722165,722681]
[957,178,62848,63386]
[958,85,133869,133369]
[959,12,469032,474032]
[960,172,289616,290116]
[961,246,453363,453533]
[962,152,41828,42383]
[963,279,269236,264236]
[964,213,346359,344998]
[965,132,610250,611250]
[966,182,118828,119328]
[967,60,705195,705726]
[968,47,122263,121804]
[969,62,173546,174546]
[970,25,68707,67707]
[971,177,110535,109535]
[972,143,146131,145131]
[973,229,169684,169184]
[974,224,622967,623467]
[975,82,526065,531065]
[976,32,45467,45844]
[977,31,281810,276810]
[978,259,371513,366513]
[979,41,716891,716783]
[980,74,452705,453205]
[981,64,623492,624415]
[982,27,548173,546758]
[983,24,168498,168576]
[984,7,730993,729178]
[985,211,175033,174033]
[986,114,450843,451246]
[987,248,458583,463583]
[988,12,332909,333409]
[989,86,231344,231844]
[990,22,123842,124099]
[991,175,273759,268759]
[992,243,132953,131741]
[993,17,50022,49522]
[994,179,413007,412007]
[995,128,649455,654455]
[996,64,329400,330265]
[997,242,483505,488505]
[998,59,232107,231607]
[999,119,673414,672914]
[1000,183,137619,137119]
