["head":"wrap","lpos","status"]
[76,387706,1]
["io count"]
[1000]
["io":"id","wrap","startLpos","endLpos"]
[1,55,183598,178598]
[2,192,349625,350609]
[3,64,11721,12221]
[4,220,179864,184864]
[5,102,338080,338580]
[6,40,246087,247036]
[7,226,582799,583380]
[8,150,354602,355602]
[9,146,668474,669474]
[10,99,133079,132079]
[11,165,617762,616762]
[12,245,692084,691084]
[13,246,385942,386942]
[14,236,339374,340496]
[15,20,605157,606157]
[16,179,437852,437352]
[17,153,516198,515198]
[18,175,143806,138806]
[19,41,253600,253010]
[20,113,235569,230569]
[21,129,687871,686602]
[22,263,398219,397219]
[23,0,518558,519558]
[24,120,246982,251982]
[25,151,575942,574942]
[26,262,586672,591672]
[27,148,688651,689651]
[28,262,154009,159009]
[29,272,278170,278935]
[30,9,134120,133661]
[31,116,281768,286768]
[32,97,345375,344388]
[33,9,667395,666895]
[34,59,208488,203488]
[35,33,354658,354158]
[36,7,289721,289032]
[37,226,77372,77900]
[38,16,31564,32064]
[39,26,341949,342096]
[40,255,424909,424409]
[41,73,215039,214527]
[42,275,381648,381148]
[43,206,30366,35366]
[44,111,389525,384525]
[45,271,120287,119287]
[46,20,281178,282178]
[47,263,220488,215488]
[48,150,484032,484532]
[49,9,627673,626673]
[50,137,497813,496813]
[51,210,711340,711840]
[52,62,386985,391985]
[53,235,464553,463830]
[54,21,345496,344996]
[55,12,641007,642007]
[56,184,191191,191249]
[57,136,541231,546231]
[58,214,8167,8747]
[59,118,483496,484612]
[60,10,155011,155511]
[61,225,719643,718721]
[62,49,633238,632238]
[63,222,422964,423964]
[64,107,510582,509701]
[65,117,625103,623828]
[66,123,725013,723895]
[67,185,572597,567597]
[68,113,570538,565538]
[69,124,166280,166519]
[70,69,680106,679106]
[71,270,26080,31080]
[72,84,625768,626268]
[73,191,405548,404475]
[74,126,187155,192155]
[75,123,67450,66950]
[76,55,686906,685906]
[77,198,622508,627508]
[78,253,270731,265731]
[79,55,97842,96346]
[80,2,613486,618486]
[81,234,601629,606629]
[82,252,371165,376165]
[83,109,112216,111216]
[84,108,475095,475636]
[85,87,525063,520063]
[86,175,653042,652042]
[87,209,145915,140915]
[88,250,396533,397533]
[89,134,69153,70153]
[90,8,682639,683413]
[91,36,233123,238123]
[92,95,715857,715357]
[93,113,326272,325772]
[94,116,117426,118219]
[95,59,315080,310080]
[96,92,440841,441341]
[97,255,579087,574087]
[98,112,321828,322828]
[99,165,393341,392341]
[100,127,459874,459374]
[101,35,697497,692497]
[102,131,127591,122591]
[103,244,625087,630087]
[104,81,16519,11519]
[105,156,94739,95239]
[106,127,99216,99007]
[107,26,454248,455248]
[108,138,45082,50082]
[109,176,437423,437923]
[110,175,343027,342527]
[111,210,480754,485754]
[112,213,604345,603345]
[113,178,674163,674884]
[114,176,446649,447280]
[115,17,70556,65556]
[116,228,705919,706419]
[117,188,681273,681913]
[118,81,334298,334129]
[119,142,491140,492140]
[120,224,240901,241401]
[121,158,289976,290976]
[122,208,409869,410369]
[123,211,546282,541282]
[124,242,213163,214364]
[125,158,124066,129066]
[126,218,344444,345444]
[127,137,55769,55635]
[128,18,566716,571716]
[129,113,560588,559922]
[130,82,539225,539725]
[131,179,473979,473479]
[132,115,389656,389156]
[133,117,250737,250348]
[134,187,335277,334277]
[135,238,686856,687856]
[136,11,178109,177609]
[137,274,179216,179457]
[138,4,89014,90014]
[139,219,93550,93488]
[140,242,73786,74786]
[141,38,327017,328017]
[142,150,674669,675169]
[143,106,94992,95055]
[144,45,4917,4533]
[145,253,31816,31037]
[146,139,309198,304198]
[147,15,571111,569936]
[148,64,687350,687896]
[149,252,437619,438619]
[150,170,691026,691075]
[151,166,12253,13253]
[152,18,464089,469089]
[153,131,318016,317516]
[154,256,525277,526663]
[155,180,352451,357451]
[156,68,191393,196393]
[157,175,124323,123823]
[158,34,620916,621916]
[159,227,18687,17285]
[160,62,131956,132456]
[161,128,326961,331961]
[162,29,343071,338071]
[163,249,35021,30021]
[164,11,637545,632545]
[165,63,431726,430726]
[166,131,622876,622120]
[167,123,682309,681309]
[168,9,356592,356092]
[169,264,564759,569759]
[170,199,142604,142445]
[171,224,347387,347887]
[172,199,719031,718031]
[173,183,486702,486202]
[174,102,39708,40208]
[175,34,633001,634239]
[176,92,685516,690516]
[177,272,507963,508489]
[178,267,477638,477138]
[179,190,287177,288030]
[180,150,558064,563064]
[181,250,257001,262001]
[182,39,717454,716954]
[183,120,524188,524688]
[184,264,31155,36155]
[185,131,341965,336965]
[186,25,108455,103455]
[187,132,304989,305979]
[188,75,153017,148017]
[189,26,59950,61416]
[190,142,571683,576683]
[191,42,92363,93363]
[192,124,275969,276969]
[193,181,677008,676008]
[194,272,247060,248060]
[195,253,6696,1696]
[196,121,621911,621227]
[197,210,338777,338982]
[198,217,334237,334093]
[199,185,718198,717198]
[200,203,484674,483674]
[201,260,412834,413334]
[202,158,689459,689959]
[203,191,447969,442969]
[204,228,356721,356914]
[205,52,196010,201010]
[206,88,464772,465772]
[207,47,155557,150557]
[208,184,73016,78016]
[209,89,236336,235944]
[210,38,178128,178628]
[211,231,672681,667681]
[212,44,371253,376253]
[213,2,498610,503610]
[214,85,251117,250117]
[215,9,446954,446127]
[216,265,439454,438954]
[217,70,178474,178974]
[218,166,198524,199524]
[219,9,164070,163070]
[220,47,342198,341198]
[221,278,454609,455109]
[222,195,99869,94869]
[223,69,39709,39209]
[224,26,289326,294326]
[225,35,182183,181183]
[226,4,537812,542812]
[227,20,314004,314504]
[228,92,516660,517660]
[229,125,225267,224267]
[230,42,273947,274947]
[231,103,171814,170815]
[232,174,588870,589870]
[233,243,78809,73809]
[234,141,540359,539859]
[235,176,721042,722042]
[236,180,527860,528732]
[237,108,720654,721154]
[238,160,633323,634323]
[239,222,709062,709283]
[240,187,536393,531393]
[241,2,169074,170074]
[242,232,8866,9366]
[243,133,485946,480946]
[244,220,107818,112818]
[245,242,293393,294541]
[246,135,96953,96453]
[247,11,641238,640238]
[248,8,512519,512713]
[249,93,667316,666316]
[250,144,476790,477290]
[251,102,160603,161103]
[252,34,22350,27350]
[253,40,594424,599424]
[254,162,641240,642240]
[255,182,145,1145]
[256,37,101599,96599]
[257,48,182567,183353]
[258,134,162328,167328]
[259,227,98693,97650]
[260,232,448583,453583]
[261,18,500542,501042]
[262,148,264652,265652]
[263,52,280772,281012]
[264,137,476883,476383]
[265,259,637848,636848]
[266,161,252342,247342]
[267,4,318734,319234]
[268,10,628270,628770]
[269,254,108968,109986]
[270,131,536283,535783]
[271,59,161254,160754]
[272,101,639379,638879]
[273,70,238442,239741]
[274,204,251487,256487]
[275,62,124210,125481]
[276,46,679721,680051]
[277,257,711488,706488]
[278,103,266186,261186]
[279,182,264467,264507]
[280,259,315557,314607]
[281,156,704841,709841]
[282,259,630934,625934]
[283,183,323651,323151]
[284,117,624585,624085]
[285,110,426039,426917]
[286,102,662635,667635]
[287,56,264340,269340]
[288,118,315800,316800]
[289,74,620243,620743]
[290,199,273252,272252]
[291,76,422823,422990]
[292,182,669445,674445]
[293,267,63787,62404]
[294,278,201442,201942]
[295,241,201872,196872]
[296,54,344520,345851]
[297,92,713495,714495]
[298,157,534831,529831]
[299,50,660775,665775]
[300,175,464941,459941]
[301,170,165772,166272]
[302,12,316370,316694]
[303,111,494744,494244]
[304,193,523475,522475]
[305,85,421035,420535]
[306,55,363127,363008]
[307,0,7652,8652]
[308,211,178501,177767]
[309,197,599628,598628]
[310,119,169579,169116]
[311,176,261119,261981]
[312,167,380507,375507]
[313,232,166988,167488]
[314,190,33254,33754]
[315,245,573351,572986]
[316,146,263247,268247]
[317,230,441014,442014]
[318,36,506878,508020]
[319,95,407691,406691]
[320,39,262472,261472]
[321,74,418590,419090]
[322,177,88933,88433]
[323,186,702893,707893]
[324,190,147259,147759]
[325,56,226130,227130]
[326,75,666786,666101]
[327,270,179802,180802]
[328,246,417377,417608]
[329,226,182839,183339]
[330,6,549566,554566]
[331,1,493248,492748]
[332,94,637702,642702]
[333,131,521855,521355]
[334,36,201875,202375]
[335,264,289964,290283]
[336,105,401134,400134]
[337,193,694562,694054]
[338,185,469583,464583]
[339,30,87857,88857]
[340,24,573806,578806]
[341,102,458402,458902]
[342,217,463200,462904]
[343,58,464621,465495]
[344,223,527537,522537]
[345,34,244816,249816]
[346,268,146897,147397]
[347,187,93809,88809]
[348,168,123795,124295]
[349,274,312506,313506]
[350,274,720084,721348]
[351,64,616030,616530]
[352,115,475004,470004]
[353,74,702577,703077]
[354,169,499120,494120]
[355,204,7942,8942]
[356,192,331563,332563]
[357,251,420624,420372]
[358,116,377642,382642]
[359,26,42161,42661]
[360,43,599578,594578]
[361,107,661339,656339]
[362,95,395849,395349]
[363,169,544157,543657]
[364,59,307718,306783]
[365,132,429054,429165]
[366,41,246460,241460]
[367,101,679170,674170]
[368,21,206918,206418]
[369,2,319728,320254]
[370,198,581469,582363]
[371,162,170929,171429]
[372,203,715586,714586]
[373,134,467099,467599]
[374,269,404779,404279]
[375,188,673023,674023]
[376,231,81875,76875]
[377,133,202333,201619]
[378,143,704019,699019]
[379,103,550254,549254]
[380,170,148109,149109]
[381,204,495762,500762]
[382,279,656522,656078]
[383,198,7453,8758]
[384,3,42310,41810]
[385,0,272179,273179]
[386,227,269500,269000]
[387,218,648964,649464]
[388,212,240117,240861]
[389,98,664609,666078]
[390,213,247360,246360]
[391,212,348168,348668]
[392,66,186082,187434]
[393,44,455182,460182]
[394,16,654767,655767]
[395,70,136146,137146]
[396,70,506618,507118]
[397,214,114122,115122]
[398,53,271742,270880]
[399,52,35606,36288]
[400,136,383490,388490]
[401,108,292950,293950]
[402,152,54490,55490]
[403,198,34564,35564]
[404,117,110596,110093]
[405,205,727652,727152]
[406,269,384098,383598]
[407,106,438584,439584]
[408,193,50638,49638]
[409,51,493381,492534]
[410,104,574053,574553]
[411,122,267602,268102]
[412,75,394427,389427]
[413,145,569981,569481]
[414,213,338174,337866]
[415,258,78063,78124]
[416,4,8247,9247]
[417,225,416652,415652]
[418,218,127669,128669]
[419,117,257609,256609]
[420,206,211293,211793]
[421,177,493883,492439]
[422,39,305626,304626]
[423,139,14939,9939]
[424,95,700547,700047]
[425,270,621192,622616]
[426,171,63935,62584]
[427,178,486475,487374]
[428,18,144106,145106]
[429,225,356399,355399]
[430,274,293568,294068]
[431,90,9263,9763]
[432,176,384627,389627]
[433,6,44142,45142]
[434,246,335990,336490]
[435,250,682121,683031]
[436,92,1855,2355]
[437,274,620346,620846]
[438,12,33458,34458]
[439,109,570581,565581]
[440,255,133155,128155]
[441,218,137418,142418]
[442,114,698769,699269]
[443,272,11917,16917]
[444,110,347908,352908]
[445,80,299035,300035]
[446,63,171679,166679]
[447,71,349075,344075]
[448,63,78964,73964]
[449,52,104955,105709]
[450,133,318962,318462]
[451,71,633812,632605]
[452,180,443087,444087]
[453,250,666079,666983]
[454,35,560359,559390]
[455,175,494322,494104]
[456,128,249998,254998]
[457,176,428994,433994]
[458,53,620302,619302]
[459,186,206770,207770]
[460,129,285605,285105]
[461,186,154492,154992]
[462,107,213520,212520]
[463,139,65186,64186]
[464,251,396611,391611]
[465,146,331445,332445]
[466,136,615355,616193]
[467,165,17260,16260]
[468,219,86292,81292]
[469,277,465573,464786]
[470,20,695402,696402]
[471,210,575008,576008]
[472,218,389699,390199]
[473,272,151780,153005]
[474,60,324659,329659]
[475,134,218647,219147]
[476,81,3958,2958]
[477,65,385051,384551]
[478,217,138143,133143]
[479,252,106762,107762]
[480,144,247894,252894]
[481,74,268632,269806]
[482,156,535109,535609]
[483,82,189430,190430]
[484,15,691214,690813]
[485,197,663655,658655]
[486,257,649543,649043]
[487,54,59231,60231]
[488,93,581393,580393]
[489,159,231558,230558]
[490,110,139833,141123]
[491,34,17033,17533]
[492,74,599585,599735]
[493,148,567652,568152]
[494,200,391927,392927]
[495,119,723305,718305]
[496,200,101059,101559]
[497,126,260193,261193]
[498,21,375728,375228]
[499,166,465064,470064]
[500,33,150048,148819]
[501,101,717025,716025]
[502,76,4534,9534]
[503,97,22916,17916]
[504,17,586745,586567]
[505,1,80443,79443]
[506,46,122795,123524]
[507,30,217382,222382]
[508,2,164458,164958]
[509,237,429091,428091]
[510,52,56665,61665]
[511,187,670194,669730]
[512,142,455566,460566]
[513,188,258951,263951]
[514,179,330775,329719]
[515,202,581371,582371]
[516,129,585425,584687]
[517,53,641014,640514]
[518,257,290785,290285]
[519,206,338151,338870]
[520,26,582757,583257]
[521,192,669770,670270]
[522,171,401088,400088]
[523,17,359928,354928]
[524,16,565934,566934]
[525,189,350466,345466]
[526,24,612717,613217]
[527,229,523237,522237]
[528,206,258252,259252]
[529,5,42633,42133]
[530,6,589906,590852]
[531,222,576525,581525]
[532,265,422388,422344]
[533,146,605627,610627]
[534,252,381368,381868]
[535,4,135355,135855]
[536,120,261693,266693]
[537,193,371072,370572]
[538,206,335813,336813]
[539,57,37626,37357]
[540,103,633415,628415]
[541,216,59323,60519]
[542,74,556960,561960]
[543,76,562460,563288]
[544,164,518795,519386]
[545,103,642644,642095]
[546,271,514722,513455]
[547,105,86508,81508]
[548,272,116360,117360]
[549,38,217782,222782]
[550,57,653781,648781]
[551,132,651471,652471]
[552,80,482938,483438]
[553,50,250644,252058]
[554,253,258093,256611]
[555,184,648912,649412]
[556,151,713129,712129]
[557,47,436158,435158]
[558,183,103682,102299]
[559,23,407013,405827]
[560,77,341593,340484]
[561,110,458495,459378]
[562,34,4409,4909]
[563,201,19200,18200]
[564,257,113843,112843]
[565,128,93978,98978]
[566,48,705860,706541]
[567,42,255361,256361]
[568,65,661688,661188]
[569,183,661481,656481]
[570,250,659188,660188]
[571,93,384683,384183]
[572,0,388593,389093]
[573,73,584517,583517]
[574,51,701360,696360]
[575,51,236569,236069]
[576,251,211435,210935]
[577,203,288251,288101]
[578,239,118155,117655]
[579,142,219866,224866]
[580,113,148938,148060]
[581,67,316977,311977]
[582,206,32086,32586]
[583,134,718901,719663]
[584,48,211914,212530]
[585,122,253915,254415]
[586,45,719227,718740]
[587,11,153082,152082]
[588,26,371948,373097]
[589,224,129501,130501]
[590,164,618202,618702]
[591,90,650288,650788]
[592,224,83926,84015]
[593,40,432839,433339]
[594,148,460285,461680]
[595,72,243374,243874]
[596,261,509819,508921]
[597,33,701461,696461]
[598,44,485476,486476]
[599,134,429188,429264]
[600,52,535642,540642]
[601,149,66298,65298]
[602,10,465566,470566]
[603,50,25608,30608]
[604,122,163611,168611]
[605,118,336042,336542]
[606,125,665555,660555]
[607,31,626522,626022]
[608,75,558228,557228]
[609,81,256422,255422]
[610,127,264536,263895]
[611,82,624917,629917]
[612,92,536213,537213]
[613,14,561821,562687]
[614,257,371531,366531]
[615,109,249855,249355]
[616,224,143644,145126]
[617,32,174716,174770]
[618,32,590175,590644]
[619,156,652894,653894]
[620,238,546817,547189]
[621,94,187132,188132]
[622,107,293323,292323]
[623,84,104585,105085]
[624,193,354440,353940]
[625,9,675310,674308]
[626,131,697819,696819]
[627,97,106735,106235]
[628,64,433473,434473]
[629,258,164858,165645]
[630,213,508128,507952]
[631,127,109362,108362]
[632,72,285665,290665]
[633,272,239178,240178]
[634,36,452734,452917]
[635,212,377540,378540]
[636,93,125005,120005]
[637,221,687415,686739]
[638,265,730507,725507]
[639,42,371861,372361]
[640,193,382145,382071]
[641,274,506955,507864]
[642,36,375725,380725]
[643,72,274189,275189]
[644,28,718003,718503]
[645,237,26319,25662]
[646,236,592545,593037]
[647,52,132668,133168]
[648,95,681753,681253]
[649,160,332330,333124]
[650,95,382171,381505]
[651,11,434447,429447]
[652,235,150639,149366]
[653,50,30701,31201]
[654,64,667501,668001]
[655,20,529052,530417]
[656,134,244949,245500]
[657,75,143092,138092]
[658,175,17641,12641]
[659,270,394146,399146]
[660,206,215267,216267]
[661,160,294281,295281]
[662,256,710400,711177]
[663,253,13718,8718]
[664,5,420586,420086]
[665,124,704825,705278]
[666,15,530238,525238]
[667,39,68378,63378]
[668,274,426411,426911]
[669,205,113187,112171]
[670,136,56211,56922]
[671,63,537634,536634]
[672,123,5943,4943]
[673,45,556918,555918]
[674,50,311456,312456]
[675,189,489167,488667]
[676,21,685712,684364]
[677,118,92759,93759]
[678,94,694708,695208]
[679,21,403885,403385]
[680,109,230618,229618]
[681,172,211982,216982]
[682,15,394662,393649]
[683,231,619766,619315]
[684,90,603076,603554]
[685,65,595521,594521]
[686,53,167587,162587]
[687,218,689001,690001]
[688,242,308295,313295]
[689,122,538070,543070]
[690,136,369480,370878]
[691,218,165990,170990]
[692,151,561872,561288]
[693,241,543477,538477]
[694,28,279493,280602]
[695,152,98087,98587]
[696,82,97901,98401]
[697,155,609740,608740]
[698,213,219494,219268]
[699,200,161085,161996]
[700,79,129235,128235]
[701,102,135253,135753]
[702,108,118031,119031]
[703,6,565235,565735]
[704,122,321697,322197]
[705,163,422469,417469]
[706,270,647973,652973]
[707,84,632502,633451]
[708,129,146939,145939]
[709,119,108684,108184]
[710,70,413144,414144]
[711,173,549397,548397]
[712,1,671428,666428]
[713,160,677394,682394]
[714,154,444821,449821]
[715,37,309020,308020]
[716,179,402648,401724]
[717,166,119374,120374]
[718,16,265314,270314]
[719,7,551169,550222]
[720,102,114158,119158]
[721,84,726308,726808]
[722,150,512898,513398]
[723,226,307693,312693]
[724,107,723399,723053]
[725,66,377762,382762]
[726,77,126844,126344]
[727,272,128151,128651]
[728,6,688242,688394]
[729,241,433585,432585]
[730,137,429369,428369]
[731,119,123977,123395]
[732,239,86795,85772]
[733,257,479832,479332]
[734,235,577454,577247]
[735,16,320909,325909]
[736,160,625785,630785]
[737,166,583033,588033]
[738,9,517994,517788]
[739,145,381799,381714]
[740,142,274294,275294]
[741,101,537290,536790]
[742,267,244402,243902]
[743,91,434789,434643]
[744,51,602834,602334]
[745,209,183750,182750]
[746,223,586333,585833]
[747,253,723592,723092]
[748,224,95906,96906]
[749,155,574487,569487]
[750,17,290231,289511]
[751,32,217075,218075]
[752,90,134656,135656]
[753,103,76529,75213]
[754,227,256549,256139]
[755,96,456507,457395]
[756,24,329689,330189]
[757,121,607319,602319]
[758,276,617536,618036]
[759,13,176553,176053]
[760,155,272784,271361]
[761,99,631585,626585]
[762,75,702799,701799]
[763,101,95082,94082]
[764,209,577834,576834]
[765,132,183431,188431]
[766,28,689844,694844]
[767,21,7399,6899]
[768,17,625435,624435]
[769,182,69495,70495]
[770,210,517580,518080]
[771,63,574382,573882]
[772,137,674531,673043]
[773,10,290537,290798]
[774,16,447503,448092]
[775,103,191672,186672]
[776,41,124443,123545]
[777,35,709502,709173]
[778,28,326550,326878]
[779,236,720084,720584]
[780,144,107297,108297]
[781,187,406554,406054]
[782,9,588054,587229]
[783,254,76089,81089]
[784,77,263261,262761]
[785,119,563530,563030]
[786,229,712871,712173]
[787,225,174833,174333]
[788,244,8593,9093]
[789,199,40190,39190]
[790,10,11835,12335]
[791,160,470749,471749]
[792,10,686127,691127]
[793,264,207946,208946]
[794,214,470707,471707]
[795,205,303743,302743]
[796,154,460647,461147]
[797,262,226224,226350]
[798,158,500649,505649]
[799,77,717241,716563]
[800,226,576910,577410]
[801,6,148659,153659]
[802,233,496333,495044]
[803,137,299631,299131]
[804,166,648600,649600]
[805,168,483330,488330]
[806,84,291742,292242]
[807,224,400386,400543]
[808,210,428552,429052]
[809,254,475248,480248]
[810,94,440689,441189]
[811,19,358833,357833]
[812,207,153374,152874]
[813,216,452005,452505]
[814,103,551335,546335]
[815,143,299171,298671]
[816,99,37143,36143]
[817,195,437029,436529]
[818,264,440412,440912]
[819,272,625724,626724]
[820,227,107682,102682]
[821,59,637017,636017]
[822,277,379633,379133]
[823,201,219933,218587]
[824,12,517163,517663]
[825,27,262064,261564]
[826,279,298708,297708]
[827,66,179967,180967]
[828,51,71109,66109]
[829,195,692997,691833]
[830,73,63153,58153]
[831,95,710372,709364]
[832,238,328430,329430]
[833,66,726352,730993]
[834,91,126718,125718]
[835,33,191537,191037]
[836,203,66929,65788]
[837,234,125584,126084]
[838,28,322279,322779]
[839,119,605334,604334]
[840,260,468662,469162]
[841,30,566459,566959]
[842,141,168895,163895]
[843,79,336478,335978]
[844,42,461696,462696]
[845,227,657733,652733]
[846,151,165252,164252]
[847,224,716490,717762]
[848,56,502220,502720]
[849,175,557284,552284]
[850,27,294952,289952]
[851,209,303361,302141]
[852,49,588349,587349]
[853,57,558936,557765]
[854,174,382291,383291]
[855,128,140494,141973]
[856,258,226659,227159]
[857,182,652381,653381]
[858,159,352288,351288]
[859,133,289751,289251]
[860,71,269108,267916]
[861,237,569798,569720]
[862,225,44672,39672]
[863,37,279031,278031]
[864,170,163627,164944]
[865,241,573705,573205]
[866,241,429423,429127]
[867,46,681505,682005]
[868,51,240262,239762]
[869,275,508935,507678]
[870,25,102132,101132]
[871,156,187603,188603]
[872,70,429246,429746]
[873,19,17306,16806]
[874,2,576523,577523]
[875,115,82635,77635]
[876,130,231128,232128]
[877,49,359363,358363]
[878,100,598125,599125]
[879,95,552034,551534]
[880,5,289919,289419]
[881,218,503141,508141]
[882,179,345485,344985]
[883,64,373966,374966]
[884,0,176308,181308]
[885,201,174809,174309]
[886,211,425214,424714]
[887,220,566797,571797]
[888,261,686453,685453]
[889,246,712981,713981]
[890,39,653657,652478]
[891,114,3300,4300]
[892,165,353286,348286]
[893,229,168393,167982]
[894,95,384663,379663]
[895,146,421779,426779]
[896,200,140754,145754]
[897,23,41868,41368]
[898,227,167561,162561]
[899,270,658565,659565]
[900,166,335448,336448]
[901,152,338748,343748]
[902,37,133264,132764]
[903,139,301297,300747]
[904,120,552977,553075]
[905,50,170221,171493]
[906,31,468668,468168]
[907,211,274929,269929]
[908,230,53677,54677]
[909,159,667335,666627]
[910,81,259678,258397]
[911,108,271161,276161]
[912,5,449475,444475]
[913,125,444182,443182]
[914,263,691944,686944]
[915,194,517191,522191]
[916,277,389805,388805]
[917,50,599705,600669]
[918,182,233587,234410]
[919,75,480705,479309]
[920,120,22121,27121]
[921,122,159760,160760]
[922,84,564891,565891]
[923,54,470850,471926]
[924,215,462538,457538]
[925,84,292074,292574]
[926,134,337509,338327]
[927,250,169646,170146]
[928,63,700274,699274]
[929,270,79122,80122]
[930,153,284905,284402]
[931,275,673065,668065]
[932,212,270487,271441]
[933,210,430874,435874]
[934,180,29742,30242]
[935,196,515988,516488]
[936,80,103757,108757]
[937,270,13945,14945]
[938,128,403442,403942]
[939,233,2525,1525]
[940,199,427305,426158]
[941,89,609262,608649]
[942,148,397501,398501]
[943,206,605402,606402]
[944,220,197658,202658]
[945,89,309148,304148]
[946,186,201060,201560]
[947,279,723944,722944]
[948,41,397218,392218]
[949,48,692991,693991]
[950,118,323036,323536]
[951,207,377916,377416]
[952,242,242538,242985]
[953,227,621501,620501]
[954,39,264538,263890]
[955,202,110363,115363]
[956,267,669807,668807]
[957,45,40700,35700]
[958,87,488146,483146]
[959,266,102566,103066]
[960,241,358788,358288]
[961,241,711880,706880]
[962,261,172710,167710]
[963,80,57217,57437]
[964,159,641466,640966]
[965,82,197059,197870]
[966,144,625216,630216]
[967,143,386651,385651]
[968,123,25632,24395]
[969,58,205880,206380]
[970,122,535511,540511]
[971,20,376687,377187]
[972,150,378851,379351]
[973,225,314674,313473]
[974,180,662009,667009]
[975,207,482091,480720]
[976,68,465270,470270]
[977,13,565219,564719]
[978,97,217465,212465]
[979,141,218999,218499]
[980,19,200919,200419]
[981,30,526774,528185]
[982,178,567988,568988]
[983,213,355030,354030]
[984,51,337630,337130]
[985,261,631907,631827]
[986,15,565715,565346]
[987,98,388952,389452]
[988,144,115564,116828]
[989,217,630890,630390]
[990,247,603292,602894]
[991,128,121020,122020]
[992,62,651774,656774]
[993,265,439634,434634]
[994,246,335468,340468]
[995,168,147301,147801]
[996,104,523854,528854]
[997,136,4332,9332]
[998,54,434303,439303]
[999,271,338700,333700]
[1000,238,382324,387324]
